BME(1) &(0.1;0.1) 0.9 &(0.1;0.3) 0.69 &(0.1;0.5) 0.61 &(0.1;0.7) 0.6 &(0.1;0.9) 0.87 &(0.2;0.1) 0.91 &(0.2;0.3) 0.7 &(0.2;0.5) 0.65 &(0.2;0.7) 0.63 &(0.2;0.9) 0.87 &(0.3;0.1) 0.91 &(0.3;0.3) 0.71 &(0.3;0.5) 0.69 &(0.3;0.7) 0.64 &(0.3;0.9) 0.88 &(0.4;0.1) 0.93 &(0.4;0.3) 0.73 &(0.4;0.5) 0.67 &(0.4;0.7) 0.66 &(0.4;0.9) 0.88 &(0.5;0.1) 0.95 &(0.5;0.3) 0.73 &(0.5;0.5) 0.66 &(0.5;0.7) 0.66 &(0.5;0.9) 0.88 &(0.6;0.1) 0.92 &(0.6;0.3) 0.76 &(0.6;0.5) 0.66 &(0.6;0.7) 0.67 &(0.6;0.9) 0.88\\ 
BME(3) &(0.1;0.1) 0.84 &(0.1;0.3) 0.64 &(0.1;0.5) 0.61 &(0.1;0.7) 0.62 &(0.1;0.9) 0.87 &(0.2;0.1) 0.89 &(0.2;0.3) 0.67 &(0.2;0.5) 0.62 &(0.2;0.7) 0.61 &(0.2;0.9) 0.87 &(0.3;0.1) 0.89 &(0.3;0.3) 0.69 &(0.3;0.5) 0.62 &(0.3;0.7) 0.61 &(0.3;0.9) 0.87 &(0.4;0.1) 0.9 &(0.4;0.3) 0.7 &(0.4;0.5) 0.62 &(0.4;0.7) 0.61 &(0.4;0.9) 0.87 &(0.5;0.1) 0.93 &(0.5;0.3) 0.71 &(0.5;0.5) 0.62 &(0.5;0.7) 0.61 &(0.5;0.9) 0.89 &(0.6;0.1) 0.83 &(0.6;0.3) 0.72 &(0.6;0.5) 0.63 &(0.6;0.7) 0.61 &(0.6;0.9) 0.9\\ 
BME(5) &(0.1;0.1) 0.79 &(0.1;0.3) 0.67 &(0.1;0.5) 0.63 &(0.1;0.7) 0.62 &(0.1;0.9) 0.79 &(0.2;0.1) 0.79 &(0.2;0.3) 0.71 &(0.2;0.5) 0.65 &(0.2;0.7) 0.62 &(0.2;0.9) 0.79 &(0.3;0.1) 0.79 &(0.3;0.3) 0.71 &(0.3;0.5) 0.69 &(0.3;0.7) 0.62 &(0.3;0.9) 0.8 &(0.4;0.1) 0.85 &(0.4;0.3) 0.7 &(0.4;0.5) 0.66 &(0.4;0.7) 0.62 &(0.4;0.9) 0.81 &(0.5;0.1) 0.94 &(0.5;0.3) 0.69 &(0.5;0.5) 0.67 &(0.5;0.7) 0.63 &(0.5;0.9) 0.81 &(0.6;0.1) 0.77 &(0.6;0.3) 0.7 &(0.6;0.5) 0.67 &(0.6;0.7) 0.63 &(0.6;0.9) 0.81\\ 
BME(7) &(0.1;0.1) 0.63 &(0.1;0.3) 0.66 &(0.1;0.5) 0.61 &(0.1;0.7) 0.57 &(0.1;0.9) 0.68 &(0.2;0.1) 0.68 &(0.2;0.3) 0.67 &(0.2;0.5) 0.61 &(0.2;0.7) 0.59 &(0.2;0.9) 0.68 &(0.3;0.1) 0.72 &(0.3;0.3) 0.66 &(0.3;0.5) 0.62 &(0.3;0.7) 0.59 &(0.3;0.9) 0.68 &(0.4;0.1) 0.73 &(0.4;0.3) 0.65 &(0.4;0.5) 0.63 &(0.4;0.7) 0.59 &(0.4;0.9) 0.67 &(0.5;0.1) 0.77 &(0.5;0.3) 0.66 &(0.5;0.5) 0.62 &(0.5;0.7) 0.6 &(0.5;0.9) 0.67 &(0.6;0.1) 0.85 &(0.6;0.3) 0.67 &(0.6;0.5) 0.62 &(0.6;0.7) 0.6 &(0.6;0.9) 0.67\\ 
BME(9) &(0.1;0.1) 0.63 &(0.1;0.3) 0.55 &(0.1;0.5) 0.51 &(0.1;0.7) 0.54 &(0.1;0.9) 0.62 &(0.2;0.1) 0.63 &(0.2;0.3) 0.55 &(0.2;0.5) 0.52 &(0.2;0.7) 0.54 &(0.2;0.9) 0.62 &(0.3;0.1) 0.61 &(0.3;0.3) 0.55 &(0.3;0.5) 0.53 &(0.3;0.7) 0.54 &(0.3;0.9) 0.62 &(0.4;0.1) 0.62 &(0.4;0.3) 0.55 &(0.4;0.5) 0.53 &(0.4;0.7) 0.55 &(0.4;0.9) 0.62 &(0.5;0.1) 0.63 &(0.5;0.3) 0.55 &(0.5;0.5) 0.53 &(0.5;0.7) 0.55 &(0.5;0.9) 0.62 &(0.6;0.1) 0.74 &(0.6;0.3) 0.55 &(0.6;0.5) 0.53 &(0.6;0.7) 0.55 &(0.6;0.9) 0.62\\ 
BME(11) &(0.1;0.1) 0.64 &(0.1;0.3) 0.55 &(0.1;0.5) 0.51 &(0.1;0.7) 0.53 &(0.1;0.9) 0.64 &(0.2;0.1) 0.64 &(0.2;0.3) 0.55 &(0.2;0.5) 0.49 &(0.2;0.7) 0.51 &(0.2;0.9) 0.64 &(0.3;0.1) 0.64 &(0.3;0.3) 0.54 &(0.3;0.5) 0.49 &(0.3;0.7) 0.51 &(0.3;0.9) 0.64 &(0.4;0.1) 0.64 &(0.4;0.3) 0.54 &(0.4;0.5) 0.49 &(0.4;0.7) 0.51 &(0.4;0.9) 0.63 &(0.5;0.1) 0.62 &(0.5;0.3) 0.53 &(0.5;0.5) 0.49 &(0.5;0.7) 0.51 &(0.5;0.9) 0.63 &(0.6;0.1) 0.61 &(0.6;0.3) 0.53 &(0.6;0.5) 0.49 &(0.6;0.7) 0.51 &(0.6;0.9) 0.63\\ 
BME(13) &(0.1;0.1) 0.62 &(0.1;0.3) 0.51 &(0.1;0.5) 0.47 &(0.1;0.7) 0.47 &(0.1;0.9) 0.51 &(0.2;0.1) 0.62 &(0.2;0.3) 0.49 &(0.2;0.5) 0.46 &(0.2;0.7) 0.47 &(0.2;0.9) 0.51 &(0.3;0.1) 0.61 &(0.3;0.3) 0.48 &(0.3;0.5) 0.46 &(0.3;0.7) 0.47 &(0.3;0.9) 0.51 &(0.4;0.1) 0.57 &(0.4;0.3) 0.47 &(0.4;0.5) 0.46 &(0.4;0.7) 0.47 &(0.4;0.9) 0.51 &(0.5;0.1) 0.5 &(0.5;0.3) 0.47 &(0.5;0.5) 0.46 &(0.5;0.7) 0.47 &(0.5;0.9) 0.51 &(0.6;0.1) 0.5 &(0.6;0.3) 0.47 &(0.6;0.5) 0.46 &(0.6;0.7) 0.47 &(0.6;0.9) 0.51\\ 
BME best result: 0.9466666666666667 
BeetleFly(1) &(0.1;0.1) 0.7 &(0.1;0.3) 0.65 &(0.1;0.5) 0.6 &(0.1;0.7) 0.65 &(0.1;0.9) 0.75 &(0.2;0.1) 0.85 &(0.2;0.3) 0.8 &(0.2;0.5) 0.7 &(0.2;0.7) 0.7 &(0.2;0.9) 0.75 &(0.3;0.1) 1.0 &(0.3;0.3) 0.7 &(0.3;0.5) 0.8 &(0.3;0.7) 0.6 &(0.3;0.9) 0.75 &(0.4;0.1) 0.85 &(0.4;0.3) 0.75 &(0.4;0.5) 0.8 &(0.4;0.7) 0.7 &(0.4;0.9) 0.75 &(0.5;0.1) 0.9 &(0.5;0.3) 0.7 &(0.5;0.5) 0.8 &(0.5;0.7) 0.8 &(0.5;0.9) 0.7 &(0.6;0.1) 0.75 &(0.6;0.3) 0.7 &(0.6;0.5) 0.7 &(0.6;0.7) 0.8 &(0.6;0.9) 0.7\\ 
BeetleFly(3) &(0.1;0.1) 0.9 &(0.1;0.3) 0.65 &(0.1;0.5) 0.7 &(0.1;0.7) 0.55 &(0.1;0.9) 0.55 &(0.2;0.1) 0.9 &(0.2;0.3) 0.65 &(0.2;0.5) 0.75 &(0.2;0.7) 0.75 &(0.2;0.9) 0.6 &(0.3;0.1) 0.9 &(0.3;0.3) 0.8 &(0.3;0.5) 0.8 &(0.3;0.7) 0.7 &(0.3;0.9) 0.6 &(0.4;0.1) 0.85 &(0.4;0.3) 0.7 &(0.4;0.5) 0.7 &(0.4;0.7) 0.75 &(0.4;0.9) 0.65 &(0.5;0.1) 0.85 &(0.5;0.3) 0.7 &(0.5;0.5) 0.6 &(0.5;0.7) 0.7 &(0.5;0.9) 0.7 &(0.6;0.1) 0.8 &(0.6;0.3) 0.75 &(0.6;0.5) 0.65 &(0.6;0.7) 0.75 &(0.6;0.9) 0.7\\ 
BeetleFly(5) &(0.1;0.1) 0.8 &(0.1;0.3) 0.65 &(0.1;0.5) 0.6 &(0.1;0.7) 0.55 &(0.1;0.9) 0.7 &(0.2;0.1) 0.85 &(0.2;0.3) 0.75 &(0.2;0.5) 0.65 &(0.2;0.7) 0.6 &(0.2;0.9) 0.75 &(0.3;0.1) 0.7 &(0.3;0.3) 0.75 &(0.3;0.5) 0.7 &(0.3;0.7) 0.7 &(0.3;0.9) 0.75 &(0.4;0.1) 0.85 &(0.4;0.3) 0.75 &(0.4;0.5) 0.65 &(0.4;0.7) 0.65 &(0.4;0.9) 0.7 &(0.5;0.1) 0.85 &(0.5;0.3) 0.75 &(0.5;0.5) 0.6 &(0.5;0.7) 0.7 &(0.5;0.9) 0.7 &(0.6;0.1) 0.8 &(0.6;0.3) 0.75 &(0.6;0.5) 0.6 &(0.6;0.7) 0.65 &(0.6;0.9) 0.65\\ 
BeetleFly(7) &(0.1;0.1) 0.55 &(0.1;0.3) 0.7 &(0.1;0.5) 0.45 &(0.1;0.7) 0.7 &(0.1;0.9) 0.8 &(0.2;0.1) 0.75 &(0.2;0.3) 0.7 &(0.2;0.5) 0.65 &(0.2;0.7) 0.6 &(0.2;0.9) 0.8 &(0.3;0.1) 0.8 &(0.3;0.3) 0.75 &(0.3;0.5) 0.65 &(0.3;0.7) 0.6 &(0.3;0.9) 0.8 &(0.4;0.1) 0.8 &(0.4;0.3) 0.8 &(0.4;0.5) 0.75 &(0.4;0.7) 0.75 &(0.4;0.9) 0.75 &(0.5;0.1) 0.8 &(0.5;0.3) 0.75 &(0.5;0.5) 0.75 &(0.5;0.7) 0.6 &(0.5;0.9) 0.65 &(0.6;0.1) 0.85 &(0.6;0.3) 0.85 &(0.6;0.5) 0.65 &(0.6;0.7) 0.7 &(0.6;0.9) 0.6\\ 
BeetleFly(9) &(0.1;0.1) 0.65 &(0.1;0.3) 0.65 &(0.1;0.5) 0.6 &(0.1;0.7) 0.6 &(0.1;0.9) 0.75 &(0.2;0.1) 0.7 &(0.2;0.3) 0.75 &(0.2;0.5) 0.6 &(0.2;0.7) 0.65 &(0.2;0.9) 0.8 &(0.3;0.1) 0.8 &(0.3;0.3) 0.75 &(0.3;0.5) 0.7 &(0.3;0.7) 0.75 &(0.3;0.9) 0.7 &(0.4;0.1) 0.8 &(0.4;0.3) 0.75 &(0.4;0.5) 0.65 &(0.4;0.7) 0.75 &(0.4;0.9) 0.55 &(0.5;0.1) 0.8 &(0.5;0.3) 0.75 &(0.5;0.5) 0.65 &(0.5;0.7) 0.7 &(0.5;0.9) 0.55 &(0.6;0.1) 0.8 &(0.6;0.3) 0.65 &(0.6;0.5) 0.65 &(0.6;0.7) 0.7 &(0.6;0.9) 0.65\\ 
BeetleFly(11) &(0.1;0.1) 0.6 &(0.1;0.3) 0.55 &(0.1;0.5) 0.6 &(0.1;0.7) 0.6 &(0.1;0.9) 0.75 &(0.2;0.1) 0.7 &(0.2;0.3) 0.75 &(0.2;0.5) 0.6 &(0.2;0.7) 0.65 &(0.2;0.9) 0.65 &(0.3;0.1) 0.8 &(0.3;0.3) 0.8 &(0.3;0.5) 0.8 &(0.3;0.7) 0.55 &(0.3;0.9) 0.65 &(0.4;0.1) 0.8 &(0.4;0.3) 0.75 &(0.4;0.5) 0.6 &(0.4;0.7) 0.65 &(0.4;0.9) 0.55 &(0.5;0.1) 0.7 &(0.5;0.3) 0.7 &(0.5;0.5) 0.6 &(0.5;0.7) 0.7 &(0.5;0.9) 0.6 &(0.6;0.1) 0.7 &(0.6;0.3) 0.6 &(0.6;0.5) 0.55 &(0.6;0.7) 0.7 &(0.6;0.9) 0.5\\ 
BeetleFly(13) &(0.1;0.1) 0.6 &(0.1;0.3) 0.55 &(0.1;0.5) 0.7 &(0.1;0.7) 0.55 &(0.1;0.9) 0.8 &(0.2;0.1) 0.85 &(0.2;0.3) 0.7 &(0.2;0.5) 0.7 &(0.2;0.7) 0.75 &(0.2;0.9) 0.8 &(0.3;0.1) 0.75 &(0.3;0.3) 0.75 &(0.3;0.5) 0.7 &(0.3;0.7) 0.65 &(0.3;0.9) 0.65 &(0.4;0.1) 0.75 &(0.4;0.3) 0.65 &(0.4;0.5) 0.65 &(0.4;0.7) 0.65 &(0.4;0.9) 0.65 &(0.5;0.1) 0.75 &(0.5;0.3) 0.6 &(0.5;0.5) 0.6 &(0.5;0.7) 0.65 &(0.5;0.9) 0.65 &(0.6;0.1) 0.7 &(0.6;0.3) 0.5 &(0.6;0.5) 0.5 &(0.6;0.7) 0.65 &(0.6;0.9) 0.65\\ 
BeetleFly best result: 1.0 
BirdChicken(1) &(0.1;0.1) 0.55 &(0.1;0.3) 0.65 &(0.1;0.5) 0.65 &(0.1;0.7) 0.6 &(0.1;0.9) 0.6 &(0.2;0.1) 0.75 &(0.2;0.3) 0.8 &(0.2;0.5) 0.65 &(0.2;0.7) 0.6 &(0.2;0.9) 0.6 &(0.3;0.1) 0.85 &(0.3;0.3) 0.85 &(0.3;0.5) 0.7 &(0.3;0.7) 0.6 &(0.3;0.9) 0.6 &(0.4;0.1) 0.8 &(0.4;0.3) 0.85 &(0.4;0.5) 0.75 &(0.4;0.7) 0.6 &(0.4;0.9) 0.6 &(0.5;0.1) 0.9 &(0.5;0.3) 0.9 &(0.5;0.5) 0.8 &(0.5;0.7) 0.65 &(0.5;0.9) 0.6 &(0.6;0.1) 0.9 &(0.6;0.3) 0.9 &(0.6;0.5) 0.75 &(0.6;0.7) 0.8 &(0.6;0.9) 0.6\\ 
BirdChicken(3) &(0.1;0.1) 0.45 &(0.1;0.3) 0.45 &(0.1;0.5) 0.45 &(0.1;0.7) 0.45 &(0.1;0.9) 0.5 &(0.2;0.1) 0.75 &(0.2;0.3) 0.65 &(0.2;0.5) 0.5 &(0.2;0.7) 0.45 &(0.2;0.9) 0.5 &(0.3;0.1) 0.65 &(0.3;0.3) 0.55 &(0.3;0.5) 0.55 &(0.3;0.7) 0.45 &(0.3;0.9) 0.5 &(0.4;0.1) 0.75 &(0.4;0.3) 0.8 &(0.4;0.5) 0.55 &(0.4;0.7) 0.45 &(0.4;0.9) 0.55 &(0.5;0.1) 0.75 &(0.5;0.3) 0.8 &(0.5;0.5) 0.6 &(0.5;0.7) 0.5 &(0.5;0.9) 0.55 &(0.6;0.1) 0.75 &(0.6;0.3) 0.85 &(0.6;0.5) 0.7 &(0.6;0.7) 0.65 &(0.6;0.9) 0.55\\ 
BirdChicken(5) &(0.1;0.1) 0.55 &(0.1;0.3) 0.6 &(0.1;0.5) 0.55 &(0.1;0.7) 0.5 &(0.1;0.9) 0.55 &(0.2;0.1) 0.9 &(0.2;0.3) 0.65 &(0.2;0.5) 0.6 &(0.2;0.7) 0.5 &(0.2;0.9) 0.55 &(0.3;0.1) 0.7 &(0.3;0.3) 0.75 &(0.3;0.5) 0.65 &(0.3;0.7) 0.5 &(0.3;0.9) 0.55 &(0.4;0.1) 0.7 &(0.4;0.3) 0.85 &(0.4;0.5) 0.7 &(0.4;0.7) 0.55 &(0.4;0.9) 0.55 &(0.5;0.1) 0.8 &(0.5;0.3) 0.85 &(0.5;0.5) 0.75 &(0.5;0.7) 0.55 &(0.5;0.9) 0.55 &(0.6;0.1) 0.8 &(0.6;0.3) 0.95 &(0.6;0.5) 0.8 &(0.6;0.7) 0.55 &(0.6;0.9) 0.55\\ 
BirdChicken(7) &(0.1;0.1) 0.55 &(0.1;0.3) 0.55 &(0.1;0.5) 0.6 &(0.1;0.7) 0.45 &(0.1;0.9) 0.6 &(0.2;0.1) 0.75 &(0.2;0.3) 0.5 &(0.2;0.5) 0.6 &(0.2;0.7) 0.45 &(0.2;0.9) 0.6 &(0.3;0.1) 0.75 &(0.3;0.3) 0.65 &(0.3;0.5) 0.65 &(0.3;0.7) 0.5 &(0.3;0.9) 0.6 &(0.4;0.1) 0.85 &(0.4;0.3) 0.8 &(0.4;0.5) 0.6 &(0.4;0.7) 0.5 &(0.4;0.9) 0.6 &(0.5;0.1) 0.8 &(0.5;0.3) 0.8 &(0.5;0.5) 0.75 &(0.5;0.7) 0.45 &(0.5;0.9) 0.6 &(0.6;0.1) 0.8 &(0.6;0.3) 0.8 &(0.6;0.5) 0.7 &(0.6;0.7) 0.65 &(0.6;0.9) 0.6\\ 
BirdChicken(9) &(0.1;0.1) 0.5 &(0.1;0.3) 0.55 &(0.1;0.5) 0.55 &(0.1;0.7) 0.55 &(0.1;0.9) 0.6 &(0.2;0.1) 0.6 &(0.2;0.3) 0.5 &(0.2;0.5) 0.6 &(0.2;0.7) 0.55 &(0.2;0.9) 0.6 &(0.3;0.1) 0.75 &(0.3;0.3) 0.6 &(0.3;0.5) 0.7 &(0.3;0.7) 0.55 &(0.3;0.9) 0.6 &(0.4;0.1) 0.75 &(0.4;0.3) 0.65 &(0.4;0.5) 0.55 &(0.4;0.7) 0.6 &(0.4;0.9) 0.6 &(0.5;0.1) 0.8 &(0.5;0.3) 0.8 &(0.5;0.5) 0.7 &(0.5;0.7) 0.45 &(0.5;0.9) 0.6 &(0.6;0.1) 0.75 &(0.6;0.3) 0.8 &(0.6;0.5) 0.7 &(0.6;0.7) 0.6 &(0.6;0.9) 0.55\\ 
BirdChicken(11) &(0.1;0.1) 0.5 &(0.1;0.3) 0.7 &(0.1;0.5) 0.65 &(0.1;0.7) 0.65 &(0.1;0.9) 0.65 &(0.2;0.1) 0.45 &(0.2;0.3) 0.6 &(0.2;0.5) 0.6 &(0.2;0.7) 0.65 &(0.2;0.9) 0.65 &(0.3;0.1) 0.65 &(0.3;0.3) 0.5 &(0.3;0.5) 0.6 &(0.3;0.7) 0.65 &(0.3;0.9) 0.65 &(0.4;0.1) 0.8 &(0.4;0.3) 0.55 &(0.4;0.5) 0.6 &(0.4;0.7) 0.65 &(0.4;0.9) 0.65 &(0.5;0.1) 0.75 &(0.5;0.3) 0.6 &(0.5;0.5) 0.65 &(0.5;0.7) 0.4 &(0.5;0.9) 0.65 &(0.6;0.1) 0.75 &(0.6;0.3) 0.8 &(0.6;0.5) 0.7 &(0.6;0.7) 0.45 &(0.6;0.9) 0.65\\ 
BirdChicken(13) &(0.1;0.1) 0.45 &(0.1;0.3) 0.6 &(0.1;0.5) 0.6 &(0.1;0.7) 0.6 &(0.1;0.9) 0.6 &(0.2;0.1) 0.45 &(0.2;0.3) 0.55 &(0.2;0.5) 0.55 &(0.2;0.7) 0.6 &(0.2;0.9) 0.6 &(0.3;0.1) 0.75 &(0.3;0.3) 0.45 &(0.3;0.5) 0.55 &(0.3;0.7) 0.6 &(0.3;0.9) 0.6 &(0.4;0.1) 0.65 &(0.4;0.3) 0.6 &(0.4;0.5) 0.6 &(0.4;0.7) 0.6 &(0.4;0.9) 0.6 &(0.5;0.1) 0.75 &(0.5;0.3) 0.65 &(0.5;0.5) 0.7 &(0.5;0.7) 0.55 &(0.5;0.9) 0.6 &(0.6;0.1) 0.65 &(0.6;0.3) 0.85 &(0.6;0.5) 0.6 &(0.6;0.7) 0.5 &(0.6;0.9) 0.6\\ 
BirdChicken best result: 0.95 
Chinatown(1) &(0.1;0.1) 0.95 &(0.1;0.3) 0.94 &(0.1;0.5) 0.92 &(0.1;0.7) 0.92 &(0.1;0.9) 0.91 &(0.2;0.1) 0.94 &(0.2;0.3) 0.94 &(0.2;0.5) 0.92 &(0.2;0.7) 0.92 &(0.2;0.9) 0.91 &(0.3;0.1) 0.94 &(0.3;0.3) 0.94 &(0.3;0.5) 0.92 &(0.3;0.7) 0.92 &(0.3;0.9) 0.91 &(0.4;0.1) 0.92 &(0.4;0.3) 0.94 &(0.4;0.5) 0.92 &(0.4;0.7) 0.92 &(0.4;0.9) 0.91 &(0.5;0.1) 0.92 &(0.5;0.3) 0.94 &(0.5;0.5) 0.92 &(0.5;0.7) 0.92 &(0.5;0.9) 0.91 &(0.6;0.1) 0.92 &(0.6;0.3) 0.94 &(0.6;0.5) 0.92 &(0.6;0.7) 0.92 &(0.6;0.9) 0.91\\ 
Chinatown(3) &(0.1;0.1) 0.94 &(0.1;0.3) 0.94 &(0.1;0.5) 0.93 &(0.1;0.7) 0.92 &(0.1;0.9) 0.92 &(0.2;0.1) 0.92 &(0.2;0.3) 0.94 &(0.2;0.5) 0.93 &(0.2;0.7) 0.92 &(0.2;0.9) 0.92 &(0.3;0.1) 0.9 &(0.3;0.3) 0.94 &(0.3;0.5) 0.93 &(0.3;0.7) 0.92 &(0.3;0.9) 0.92 &(0.4;0.1) 0.89 &(0.4;0.3) 0.94 &(0.4;0.5) 0.93 &(0.4;0.7) 0.92 &(0.4;0.9) 0.92 &(0.5;0.1) 0.9 &(0.5;0.3) 0.94 &(0.5;0.5) 0.93 &(0.5;0.7) 0.92 &(0.5;0.9) 0.92 &(0.6;0.1) 0.9 &(0.6;0.3) 0.94 &(0.6;0.5) 0.93 &(0.6;0.7) 0.92 &(0.6;0.9) 0.92\\ 
Chinatown(5) &(0.1;0.1) 0.87 &(0.1;0.3) 0.9 &(0.1;0.5) 0.93 &(0.1;0.7) 0.9 &(0.1;0.9) 0.89 &(0.2;0.1) 0.92 &(0.2;0.3) 0.9 &(0.2;0.5) 0.93 &(0.2;0.7) 0.9 &(0.2;0.9) 0.89 &(0.3;0.1) 0.94 &(0.3;0.3) 0.9 &(0.3;0.5) 0.93 &(0.3;0.7) 0.9 &(0.3;0.9) 0.89 &(0.4;0.1) 0.92 &(0.4;0.3) 0.9 &(0.4;0.5) 0.93 &(0.4;0.7) 0.9 &(0.4;0.9) 0.89 &(0.5;0.1) 0.92 &(0.5;0.3) 0.9 &(0.5;0.5) 0.93 &(0.5;0.7) 0.9 &(0.5;0.9) 0.89 &(0.6;0.1) 0.92 &(0.6;0.3) 0.9 &(0.6;0.5) 0.93 &(0.6;0.7) 0.9 &(0.6;0.9) 0.89\\ 
Chinatown(7) &(0.1;0.1) 0.92 &(0.1;0.3) 0.93 &(0.1;0.5) 0.92 &(0.1;0.7) 0.91 &(0.1;0.9) 0.87 &(0.2;0.1) 0.92 &(0.2;0.3) 0.93 &(0.2;0.5) 0.92 &(0.2;0.7) 0.91 &(0.2;0.9) 0.87 &(0.3;0.1) 0.91 &(0.3;0.3) 0.93 &(0.3;0.5) 0.92 &(0.3;0.7) 0.91 &(0.3;0.9) 0.87 &(0.4;0.1) 0.89 &(0.4;0.3) 0.93 &(0.4;0.5) 0.92 &(0.4;0.7) 0.91 &(0.4;0.9) 0.87 &(0.5;0.1) 0.89 &(0.5;0.3) 0.93 &(0.5;0.5) 0.92 &(0.5;0.7) 0.91 &(0.5;0.9) 0.87 &(0.6;0.1) 0.89 &(0.6;0.3) 0.93 &(0.6;0.5) 0.92 &(0.6;0.7) 0.91 &(0.6;0.9) 0.87\\ 
Chinatown(9) &(0.1;0.1) 0.94 &(0.1;0.3) 0.95 &(0.1;0.5) 0.95 &(0.1;0.7) 0.92 &(0.1;0.9) 0.87 &(0.2;0.1) 0.92 &(0.2;0.3) 0.94 &(0.2;0.5) 0.95 &(0.2;0.7) 0.92 &(0.2;0.9) 0.87 &(0.3;0.1) 0.88 &(0.3;0.3) 0.94 &(0.3;0.5) 0.95 &(0.3;0.7) 0.92 &(0.3;0.9) 0.87 &(0.4;0.1) 0.87 &(0.4;0.3) 0.94 &(0.4;0.5) 0.95 &(0.4;0.7) 0.92 &(0.4;0.9) 0.87 &(0.5;0.1) 0.86 &(0.5;0.3) 0.94 &(0.5;0.5) 0.95 &(0.5;0.7) 0.92 &(0.5;0.9) 0.87 &(0.6;0.1) 0.83 &(0.6;0.3) 0.94 &(0.6;0.5) 0.95 &(0.6;0.7) 0.92 &(0.6;0.9) 0.87\\ 
Chinatown(11) &(0.1;0.1) 0.92 &(0.1;0.3) 0.95 &(0.1;0.5) 0.94 &(0.1;0.7) 0.92 &(0.1;0.9) 0.86 &(0.2;0.1) 0.91 &(0.2;0.3) 0.95 &(0.2;0.5) 0.94 &(0.2;0.7) 0.92 &(0.2;0.9) 0.86 &(0.3;0.1) 0.84 &(0.3;0.3) 0.95 &(0.3;0.5) 0.94 &(0.3;0.7) 0.92 &(0.3;0.9) 0.86 &(0.4;0.1) 0.84 &(0.4;0.3) 0.95 &(0.4;0.5) 0.94 &(0.4;0.7) 0.92 &(0.4;0.9) 0.86 &(0.5;0.1) 0.84 &(0.5;0.3) 0.95 &(0.5;0.5) 0.94 &(0.5;0.7) 0.92 &(0.5;0.9) 0.86 &(0.6;0.1) 0.85 &(0.6;0.3) 0.95 &(0.6;0.5) 0.94 &(0.6;0.7) 0.92 &(0.6;0.9) 0.86\\ 
Chinatown(13) &(0.1;0.1) 0.92 &(0.1;0.3) 0.94 &(0.1;0.5) 0.92 &(0.1;0.7) 0.92 &(0.1;0.9) 0.86 &(0.2;0.1) 0.92 &(0.2;0.3) 0.94 &(0.2;0.5) 0.92 &(0.2;0.7) 0.92 &(0.2;0.9) 0.86 &(0.3;0.1) 0.83 &(0.3;0.3) 0.94 &(0.3;0.5) 0.92 &(0.3;0.7) 0.92 &(0.3;0.9) 0.86 &(0.4;0.1) 0.82 &(0.4;0.3) 0.94 &(0.4;0.5) 0.92 &(0.4;0.7) 0.92 &(0.4;0.9) 0.86 &(0.5;0.1) 0.82 &(0.5;0.3) 0.94 &(0.5;0.5) 0.92 &(0.5;0.7) 0.92 &(0.5;0.9) 0.86 &(0.6;0.1) 0.82 &(0.6;0.3) 0.94 &(0.6;0.5) 0.92 &(0.6;0.7) 0.92 &(0.6;0.9) 0.86\\ 
Chinatown best result: 0.9504373177842566 
Coffee(1) &(0.1;0.1) 1.0 &(0.1;0.3) 1.0 &(0.1;0.5) 1.0 &(0.1;0.7) 1.0 &(0.1;0.9) 1.0 &(0.2;0.1) 1.0 &(0.2;0.3) 1.0 &(0.2;0.5) 1.0 &(0.2;0.7) 1.0 &(0.2;0.9) 1.0 &(0.3;0.1) 1.0 &(0.3;0.3) 1.0 &(0.3;0.5) 1.0 &(0.3;0.7) 1.0 &(0.3;0.9) 1.0 &(0.4;0.1) 1.0 &(0.4;0.3) 1.0 &(0.4;0.5) 1.0 &(0.4;0.7) 1.0 &(0.4;0.9) 1.0 &(0.5;0.1) 1.0 &(0.5;0.3) 1.0 &(0.5;0.5) 1.0 &(0.5;0.7) 1.0 &(0.5;0.9) 1.0 &(0.6;0.1) 1.0 &(0.6;0.3) 1.0 &(0.6;0.5) 1.0 &(0.6;0.7) 1.0 &(0.6;0.9) 1.0\\ 
Coffee(3) &(0.1;0.1) 1.0 &(0.1;0.3) 1.0 &(0.1;0.5) 1.0 &(0.1;0.7) 1.0 &(0.1;0.9) 1.0 &(0.2;0.1) 1.0 &(0.2;0.3) 1.0 &(0.2;0.5) 1.0 &(0.2;0.7) 1.0 &(0.2;0.9) 1.0 &(0.3;0.1) 1.0 &(0.3;0.3) 1.0 &(0.3;0.5) 1.0 &(0.3;0.7) 1.0 &(0.3;0.9) 1.0 &(0.4;0.1) 1.0 &(0.4;0.3) 1.0 &(0.4;0.5) 1.0 &(0.4;0.7) 1.0 &(0.4;0.9) 1.0 &(0.5;0.1) 1.0 &(0.5;0.3) 1.0 &(0.5;0.5) 1.0 &(0.5;0.7) 1.0 &(0.5;0.9) 1.0 &(0.6;0.1) 1.0 &(0.6;0.3) 1.0 &(0.6;0.5) 1.0 &(0.6;0.7) 1.0 &(0.6;0.9) 1.0\\ 
Coffee(5) &(0.1;0.1) 1.0 &(0.1;0.3) 1.0 &(0.1;0.5) 1.0 &(0.1;0.7) 1.0 &(0.1;0.9) 1.0 &(0.2;0.1) 1.0 &(0.2;0.3) 0.96 &(0.2;0.5) 1.0 &(0.2;0.7) 1.0 &(0.2;0.9) 1.0 &(0.3;0.1) 1.0 &(0.3;0.3) 0.96 &(0.3;0.5) 1.0 &(0.3;0.7) 1.0 &(0.3;0.9) 1.0 &(0.4;0.1) 1.0 &(0.4;0.3) 0.96 &(0.4;0.5) 1.0 &(0.4;0.7) 1.0 &(0.4;0.9) 1.0 &(0.5;0.1) 1.0 &(0.5;0.3) 0.96 &(0.5;0.5) 1.0 &(0.5;0.7) 1.0 &(0.5;0.9) 1.0 &(0.6;0.1) 1.0 &(0.6;0.3) 0.96 &(0.6;0.5) 1.0 &(0.6;0.7) 1.0 &(0.6;0.9) 1.0\\ 
Coffee(7) &(0.1;0.1) 0.96 &(0.1;0.3) 0.96 &(0.1;0.5) 0.96 &(0.1;0.7) 0.96 &(0.1;0.9) 0.96 &(0.2;0.1) 0.96 &(0.2;0.3) 0.96 &(0.2;0.5) 0.96 &(0.2;0.7) 0.96 &(0.2;0.9) 0.96 &(0.3;0.1) 0.96 &(0.3;0.3) 0.96 &(0.3;0.5) 0.96 &(0.3;0.7) 0.96 &(0.3;0.9) 0.96 &(0.4;0.1) 0.96 &(0.4;0.3) 0.96 &(0.4;0.5) 0.96 &(0.4;0.7) 0.96 &(0.4;0.9) 0.96 &(0.5;0.1) 1.0 &(0.5;0.3) 0.96 &(0.5;0.5) 0.96 &(0.5;0.7) 0.96 &(0.5;0.9) 0.96 &(0.6;0.1) 1.0 &(0.6;0.3) 0.96 &(0.6;0.5) 0.96 &(0.6;0.7) 0.96 &(0.6;0.9) 0.96\\ 
Coffee(9) &(0.1;0.1) 0.96 &(0.1;0.3) 0.96 &(0.1;0.5) 0.96 &(0.1;0.7) 0.96 &(0.1;0.9) 0.96 &(0.2;0.1) 0.96 &(0.2;0.3) 1.0 &(0.2;0.5) 0.96 &(0.2;0.7) 0.96 &(0.2;0.9) 0.96 &(0.3;0.1) 0.96 &(0.3;0.3) 1.0 &(0.3;0.5) 0.96 &(0.3;0.7) 0.96 &(0.3;0.9) 0.96 &(0.4;0.1) 0.96 &(0.4;0.3) 1.0 &(0.4;0.5) 0.96 &(0.4;0.7) 0.96 &(0.4;0.9) 0.96 &(0.5;0.1) 0.96 &(0.5;0.3) 1.0 &(0.5;0.5) 1.0 &(0.5;0.7) 0.96 &(0.5;0.9) 0.96 &(0.6;0.1) 0.96 &(0.6;0.3) 1.0 &(0.6;0.5) 1.0 &(0.6;0.7) 0.96 &(0.6;0.9) 0.96\\ 
Coffee(11) &(0.1;0.1) 0.93 &(0.1;0.3) 0.93 &(0.1;0.5) 0.96 &(0.1;0.7) 0.93 &(0.1;0.9) 0.96 &(0.2;0.1) 0.93 &(0.2;0.3) 0.93 &(0.2;0.5) 0.96 &(0.2;0.7) 0.93 &(0.2;0.9) 0.96 &(0.3;0.1) 0.93 &(0.3;0.3) 0.93 &(0.3;0.5) 0.96 &(0.3;0.7) 0.93 &(0.3;0.9) 0.96 &(0.4;0.1) 0.93 &(0.4;0.3) 0.93 &(0.4;0.5) 0.96 &(0.4;0.7) 0.93 &(0.4;0.9) 0.96 &(0.5;0.1) 0.93 &(0.5;0.3) 0.93 &(0.5;0.5) 0.96 &(0.5;0.7) 0.93 &(0.5;0.9) 0.96 &(0.6;0.1) 0.93 &(0.6;0.3) 0.93 &(0.6;0.5) 0.96 &(0.6;0.7) 0.93 &(0.6;0.9) 0.96\\ 
Coffee(13) &(0.1;0.1) 0.93 &(0.1;0.3) 0.93 &(0.1;0.5) 0.93 &(0.1;0.7) 0.93 &(0.1;0.9) 0.93 &(0.2;0.1) 0.93 &(0.2;0.3) 0.93 &(0.2;0.5) 0.93 &(0.2;0.7) 0.93 &(0.2;0.9) 0.93 &(0.3;0.1) 0.93 &(0.3;0.3) 0.93 &(0.3;0.5) 0.93 &(0.3;0.7) 0.93 &(0.3;0.9) 0.93 &(0.4;0.1) 0.93 &(0.4;0.3) 0.93 &(0.4;0.5) 0.93 &(0.4;0.7) 0.93 &(0.4;0.9) 0.93 &(0.5;0.1) 0.93 &(0.5;0.3) 0.93 &(0.5;0.5) 0.93 &(0.5;0.7) 0.93 &(0.5;0.9) 0.93 &(0.6;0.1) 0.93 &(0.6;0.3) 0.93 &(0.6;0.5) 0.93 &(0.6;0.7) 0.93 &(0.6;0.9) 0.93\\ 
Coffee best result: 1.0 
DistalPhalanxOutlineCorrect(1) &(0.1;0.1) 0.76 &(0.1;0.3) 0.72 &(0.1;0.5) 0.71 &(0.1;0.7) 0.73 &(0.1;0.9) 0.71 &(0.2;0.1) 0.75 &(0.2;0.3) 0.72 &(0.2;0.5) 0.71 &(0.2;0.7) 0.73 &(0.2;0.9) 0.71 &(0.3;0.1) 0.73 &(0.3;0.3) 0.72 &(0.3;0.5) 0.71 &(0.3;0.7) 0.73 &(0.3;0.9) 0.71 &(0.4;0.1) 0.72 &(0.4;0.3) 0.72 &(0.4;0.5) 0.71 &(0.4;0.7) 0.73 &(0.4;0.9) 0.71 &(0.5;0.1) 0.72 &(0.5;0.3) 0.73 &(0.5;0.5) 0.71 &(0.5;0.7) 0.73 &(0.5;0.9) 0.71 &(0.6;0.1) 0.72 &(0.6;0.3) 0.73 &(0.6;0.5) 0.71 &(0.6;0.7) 0.73 &(0.6;0.9) 0.71\\ 
DistalPhalanxOutlineCorrect(3) &(0.1;0.1) 0.77 &(0.1;0.3) 0.74 &(0.1;0.5) 0.72 &(0.1;0.7) 0.74 &(0.1;0.9) 0.74 &(0.2;0.1) 0.74 &(0.2;0.3) 0.74 &(0.2;0.5) 0.72 &(0.2;0.7) 0.74 &(0.2;0.9) 0.74 &(0.3;0.1) 0.74 &(0.3;0.3) 0.75 &(0.3;0.5) 0.72 &(0.3;0.7) 0.74 &(0.3;0.9) 0.74 &(0.4;0.1) 0.74 &(0.4;0.3) 0.72 &(0.4;0.5) 0.72 &(0.4;0.7) 0.74 &(0.4;0.9) 0.74 &(0.5;0.1) 0.75 &(0.5;0.3) 0.71 &(0.5;0.5) 0.72 &(0.5;0.7) 0.74 &(0.5;0.9) 0.74 &(0.6;0.1) 0.75 &(0.6;0.3) 0.71 &(0.6;0.5) 0.72 &(0.6;0.7) 0.74 &(0.6;0.9) 0.74\\ 
DistalPhalanxOutlineCorrect(5) &(0.1;0.1) 0.75 &(0.1;0.3) 0.74 &(0.1;0.5) 0.73 &(0.1;0.7) 0.74 &(0.1;0.9) 0.72 &(0.2;0.1) 0.74 &(0.2;0.3) 0.73 &(0.2;0.5) 0.73 &(0.2;0.7) 0.74 &(0.2;0.9) 0.72 &(0.3;0.1) 0.75 &(0.3;0.3) 0.74 &(0.3;0.5) 0.73 &(0.3;0.7) 0.74 &(0.3;0.9) 0.72 &(0.4;0.1) 0.75 &(0.4;0.3) 0.71 &(0.4;0.5) 0.73 &(0.4;0.7) 0.74 &(0.4;0.9) 0.72 &(0.5;0.1) 0.75 &(0.5;0.3) 0.72 &(0.5;0.5) 0.73 &(0.5;0.7) 0.74 &(0.5;0.9) 0.72 &(0.6;0.1) 0.75 &(0.6;0.3) 0.72 &(0.6;0.5) 0.73 &(0.6;0.7) 0.74 &(0.6;0.9) 0.72\\ 
DistalPhalanxOutlineCorrect(7) &(0.1;0.1) 0.72 &(0.1;0.3) 0.74 &(0.1;0.5) 0.74 &(0.1;0.7) 0.74 &(0.1;0.9) 0.73 &(0.2;0.1) 0.73 &(0.2;0.3) 0.73 &(0.2;0.5) 0.74 &(0.2;0.7) 0.74 &(0.2;0.9) 0.73 &(0.3;0.1) 0.74 &(0.3;0.3) 0.72 &(0.3;0.5) 0.74 &(0.3;0.7) 0.74 &(0.3;0.9) 0.73 &(0.4;0.1) 0.74 &(0.4;0.3) 0.72 &(0.4;0.5) 0.74 &(0.4;0.7) 0.74 &(0.4;0.9) 0.73 &(0.5;0.1) 0.75 &(0.5;0.3) 0.73 &(0.5;0.5) 0.74 &(0.5;0.7) 0.74 &(0.5;0.9) 0.73 &(0.6;0.1) 0.75 &(0.6;0.3) 0.73 &(0.6;0.5) 0.74 &(0.6;0.7) 0.74 &(0.6;0.9) 0.73\\ 
DistalPhalanxOutlineCorrect(9) &(0.1;0.1) 0.72 &(0.1;0.3) 0.71 &(0.1;0.5) 0.72 &(0.1;0.7) 0.72 &(0.1;0.9) 0.72 &(0.2;0.1) 0.75 &(0.2;0.3) 0.71 &(0.2;0.5) 0.72 &(0.2;0.7) 0.72 &(0.2;0.9) 0.72 &(0.3;0.1) 0.72 &(0.3;0.3) 0.72 &(0.3;0.5) 0.73 &(0.3;0.7) 0.72 &(0.3;0.9) 0.72 &(0.4;0.1) 0.74 &(0.4;0.3) 0.72 &(0.4;0.5) 0.73 &(0.4;0.7) 0.72 &(0.4;0.9) 0.72 &(0.5;0.1) 0.74 &(0.5;0.3) 0.72 &(0.5;0.5) 0.73 &(0.5;0.7) 0.72 &(0.5;0.9) 0.72 &(0.6;0.1) 0.74 &(0.6;0.3) 0.72 &(0.6;0.5) 0.74 &(0.6;0.7) 0.72 &(0.6;0.9) 0.72\\ 
DistalPhalanxOutlineCorrect(11) &(0.1;0.1) 0.73 &(0.1;0.3) 0.72 &(0.1;0.5) 0.71 &(0.1;0.7) 0.72 &(0.1;0.9) 0.72 &(0.2;0.1) 0.74 &(0.2;0.3) 0.72 &(0.2;0.5) 0.71 &(0.2;0.7) 0.72 &(0.2;0.9) 0.72 &(0.3;0.1) 0.74 &(0.3;0.3) 0.73 &(0.3;0.5) 0.72 &(0.3;0.7) 0.72 &(0.3;0.9) 0.72 &(0.4;0.1) 0.74 &(0.4;0.3) 0.73 &(0.4;0.5) 0.72 &(0.4;0.7) 0.72 &(0.4;0.9) 0.72 &(0.5;0.1) 0.74 &(0.5;0.3) 0.73 &(0.5;0.5) 0.72 &(0.5;0.7) 0.72 &(0.5;0.9) 0.72 &(0.6;0.1) 0.74 &(0.6;0.3) 0.73 &(0.6;0.5) 0.72 &(0.6;0.7) 0.72 &(0.6;0.9) 0.72\\ 
DistalPhalanxOutlineCorrect(13) &(0.1;0.1) 0.7 &(0.1;0.3) 0.71 &(0.1;0.5) 0.72 &(0.1;0.7) 0.72 &(0.1;0.9) 0.71 &(0.2;0.1) 0.73 &(0.2;0.3) 0.71 &(0.2;0.5) 0.72 &(0.2;0.7) 0.72 &(0.2;0.9) 0.71 &(0.3;0.1) 0.72 &(0.3;0.3) 0.72 &(0.3;0.5) 0.72 &(0.3;0.7) 0.72 &(0.3;0.9) 0.71 &(0.4;0.1) 0.72 &(0.4;0.3) 0.74 &(0.4;0.5) 0.73 &(0.4;0.7) 0.72 &(0.4;0.9) 0.71 &(0.5;0.1) 0.72 &(0.5;0.3) 0.74 &(0.5;0.5) 0.73 &(0.5;0.7) 0.72 &(0.5;0.9) 0.71 &(0.6;0.1) 0.72 &(0.6;0.3) 0.74 
DistalPhalanxOutlineCorrect best result: 0.77
DistalPhalanxTW(1) &(0.1;0.1) 0.6 &(0.1;0.3) 0.6 &(0.1;0.5) 0.6 &(0.1;0.7) 0.58 &(0.1;0.9) 0.6 &(0.2;0.1) 0.62 &(0.2;0.3) 0.6 &(0.2;0.5) 0.6 &(0.2;0.7) 0.58 &(0.2;0.9) 0.6 &(0.3;0.1) 0.61 &(0.3;0.3) 0.6 &(0.3;0.5) 0.6 &(0.3;0.7) 0.58 &(0.3;0.9) 0.6 &(0.4;0.1) 0.63 &(0.4;0.3) 0.61 &(0.4;0.5) 0.6 &(0.4;0.7) 0.58 &(0.4;0.9) 0.6 &(0.5;0.1) 0.63 &(0.5;0.3) 0.62 &(0.5;0.5) 0.6 &(0.5;0.7) 0.58 &(0.5;0.9) 0.6 &(0.6;0.1) 0.64 &(0.6;0.3) 0.62 &(0.6;0.5) 0.6 &(0.6;0.7) 0.58 &(0.6;0.9) 0.6\\ 
DistalPhalanxTW(3) &(0.1;0.1) 0.63 &(0.1;0.3) 0.6 &(0.1;0.5) 0.61 &(0.1;0.7) 0.6 &(0.1;0.9) 0.6 &(0.2;0.1) 0.65 
DistalPhalanxTW best result: 0.65
ECG200(1) &(0.1;0.1) 0.9 &(0.1;0.3) 0.88 &(0.1;0.5) 0.88 &(0.1;0.7) 0.88 &(0.1;0.9) 0.94 &(0.2;0.1) 0.91 &(0.2;0.3) 0.86 &(0.2;0.5) 0.87 &(0.2;0.7) 0.89 &(0.2;0.9) 0.94 &(0.3;0.1) 0.9 &(0.3;0.3) 0.86 &(0.3;0.5) 0.87 &(0.3;0.7) 0.89 &(0.3;0.9) 0.94 &(0.4;0.1) 0.88 &(0.4;0.3) 0.86 &(0.4;0.5) 0.87 &(0.4;0.7) 0.89 &(0.4;0.9) 0.94 &(0.5;0.1) 0.87 &(0.5;0.3) 0.86 &(0.5;0.5) 0.86 &(0.5;0.7) 0.88 &(0.5;0.9) 0.94 &(0.6;0.1) 0.86 &(0.6;0.3) 0.88 &(0.6;0.5) 0.86 &(0.6;0.7) 0.88 &(0.6;0.9) 0.94\\ 
ECG200(3) &(0.1;0.1) 0.93 &(0.1;0.3) 0.89 &(0.1;0.5) 0.89 &(0.1;0.7) 0.9 &(0.1;0.9) 0.94 &(0.2;0.1) 0.93 &(0.2;0.3) 0.89 &(0.2;0.5) 0.89 &(0.2;0.7) 0.9 &(0.2;0.9) 0.94 &(0.3;0.1) 0.92 &(0.3;0.3) 0.89 &(0.3;0.5) 0.89 &(0.3;0.7) 0.9 &(0.3;0.9) 0.94 &(0.4;0.1) 0.91 &(0.4;0.3) 0.89 &(0.4;0.5) 0.89 &(0.4;0.7) 0.9 &(0.4;0.9) 0.94 &(0.5;0.1) 0.92 &(0.5;0.3) 0.88 &(0.5;0.5) 0.88 &(0.5;0.7) 0.9 &(0.5;0.9) 0.94 &(0.6;0.1) 0.88 &(0.6;0.3) 0.88 &(0.6;0.5) 0.87 &(0.6;0.7) 0.9 &(0.6;0.9) 0.94\\ 
ECG200(5) &(0.1;0.1) 0.91 &(0.1;0.3) 0.88 &(0.1;0.5) 0.87 &(0.1;0.7) 0.87 &(0.1;0.9) 0.88 &(0.2;0.1) 0.9 &(0.2;0.3) 0.88 &(0.2;0.5) 0.87 &(0.2;0.7) 0.87 &(0.2;0.9) 0.87 &(0.3;0.1) 0.91 &(0.3;0.3) 0.88 &(0.3;0.5) 0.87 &(0.3;0.7) 0.87 &(0.3;0.9) 0.87 &(0.4;0.1) 0.87 &(0.4;0.3) 0.88 &(0.4;0.5) 0.87 &(0.4;0.7) 0.87 &(0.4;0.9) 0.87 &(0.5;0.1) 0.86 &(0.5;0.3) 0.88 &(0.5;0.5) 0.85 &(0.5;0.7) 0.87 &(0.5;0.9) 0.88 &(0.6;0.1) 0.86 &(0.6;0.3) 0.87 &(0.6;0.5) 0.85 &(0.6;0.7) 0.87 &(0.6;0.9) 0.88\\ 
ECG200(7) &(0.1;0.1) 0.89 &(0.1;0.3) 0.84 &(0.1;0.5) 0.85 &(0.1;0.7) 0.86 &(0.1;0.9) 0.89 &(0.2;0.1) 0.87 &(0.2;0.3) 0.84 &(0.2;0.5) 0.85 &(0.2;0.7) 0.86 &(0.2;0.9) 0.89 &(0.3;0.1) 0.88 &(0.3;0.3) 0.84 &(0.3;0.5) 0.84 &(0.3;0.7) 0.86 &(0.3;0.9) 0.89 &(0.4;0.1) 0.86 &(0.4;0.3) 0.85 &(0.4;0.5) 0.85 &(0.4;0.7) 0.86 &(0.4;0.9) 0.89 &(0.5;0.1) 0.87 &(0.5;0.3) 0.84 &(0.5;0.5) 0.85 &(0.5;0.7) 0.87 &(0.5;0.9) 0.89 &(0.6;0.1) 0.85 &(0.6;0.3) 0.84 &(0.6;0.5) 0.85 &(0.6;0.7) 0.87 &(0.6;0.9) 0.89\\ 
ECG200(9) &(0.1;0.1) 0.84 &(0.1;0.3) 0.84 &(0.1;0.5) 0.82 &(0.1;0.7) 0.83 &(0.1;0.9) 0.88 &(0.2;0.1) 0.83 &(0.2;0.3) 0.84 &(0.2;0.5) 0.82 &(0.2;0.7) 0.83 &(0.2;0.9) 0.88 &(0.3;0.1) 0.82 &(0.3;0.3) 0.84 &(0.3;0.5) 0.82 &(0.3;0.7) 0.83 &(0.3;0.9) 0.88 &(0.4;0.1) 0.82 &(0.4;0.3) 0.84 &(0.4;0.5) 0.82 &(0.4;0.7) 0.84 &(0.4;0.9) 0.88 &(0.5;0.1) 0.81 &(0.5;0.3) 0.84 &(0.5;0.5) 0.82 &(0.5;0.7) 0.84 &(0.5;0.9) 0.88 &(0.6;0.1) 0.79 &(0.6;0.3) 0.83 &(0.6;0.5) 0.82 &(0.6;0.7) 0.84 &(0.6;0.9) 0.88\\ 
ECG200(11) &(0.1;0.1) 0.83 &(0.1;0.3) 0.83 &(0.1;0.5) 0.82 &(0.1;0.7) 0.82 &(0.1;0.9) 0.84 &(0.2;0.1) 0.81 &(0.2;0.3) 0.82 &(0.2;0.5) 0.81 &(0.2;0.7) 0.83 &(0.2;0.9) 0.84 &(0.3;0.1) 0.77 &(0.3;0.3) 0.83 &(0.3;0.5) 0.8 &(0.3;0.7) 0.84 &(0.3;0.9) 0.84 &(0.4;0.1) 0.78 &(0.4;0.3) 0.83 &(0.4;0.5) 0.82 &(0.4;0.7) 0.84 &(0.4;0.9) 0.84 &(0.5;0.1) 0.78 &(0.5;0.3) 0.84 &(0.5;0.5) 0.85 &(0.5;0.7) 0.84 &(0.5;0.9) 0.84 &(0.6;0.1) 0.78 &(0.6;0.3) 0.83 &(0.6;0.5) 0.83 &(0.6;0.7) 0.84 &(0.6;0.9) 0.84\\ 
ECG200(13) &(0.1;0.1) 0.84 &(0.1;0.3) 0.83 &(0.1;0.5) 0.82 &(0.1;0.7) 0.8 &(0.1;0.9) 0.82 &(0.2;0.1) 0.78 &(0.2;0.3) 0.83 &(0.2;0.5) 0.83 &(0.2;0.7) 0.81 &(0.2;0.9) 0.82 &(0.3;0.1) 0.77 &(0.3;0.3) 0.84 &(0.3;0.5) 0.83 &(0.3;0.7) 0.81 &(0.3;0.9) 0.82 &(0.4;0.1) 0.76 &(0.4;0.3) 0.8 &(0.4;0.5) 0.82 &(0.4;0.7) 0.81 &(0.4;0.9) 0.82 &(0.5;0.1) 0.73 &(0.5;0.3) 0.85 &(0.5;0.5) 0.82 &(0.5;0.7) 0.8 &(0.5;0.9) 0.82 &(0.6;0.1) 0.75 &(0.6;0.3) 0.84 &(0.6;0.5) 0.83 &(0.6;0.7) 0.81 &(0.6;0.9) 0.82\\ 
ECG200 best result: 0.94 
FaceFour(1) &(0.1;0.1) 0.91 &(0.1;0.3) 0.9 &(0.1;0.5) 0.86 &(0.1;0.7) 0.82 &(0.1;0.9) 0.78 &(0.2;0.1) 0.91 &(0.2;0.3) 0.9 &(0.2;0.5) 0.89 &(0.2;0.7) 0.83 &(0.2;0.9) 0.8 &(0.3;0.1) 0.9 &(0.3;0.3) 0.89 &(0.3;0.5) 0.9 &(0.3;0.7) 0.82 &(0.3;0.9) 0.81 &(0.4;0.1) 0.9 &(0.4;0.3) 0.89 &(0.4;0.5) 0.9 &(0.4;0.7) 0.83 &(0.4;0.9) 0.83 &(0.5;0.1) 0.89 &(0.5;0.3) 0.88 &(0.5;0.5) 0.9 &(0.5;0.7) 0.83 &(0.5;0.9) 0.83 &(0.6;0.1) 0.88 &(0.6;0.3) 0.88 &(0.6;0.5) 0.89 &(0.6;0.7) 0.8 &(0.6;0.9) 0.85\\ 
FaceFour(3) &(0.1;0.1) 0.85 &(0.1;0.3) 0.8 &(0.1;0.5) 0.78 &(0.1;0.7) 0.75 &(0.1;0.9) 0.69 &(0.2;0.1) 0.82 &(0.2;0.3) 0.84 &(0.2;0.5) 0.81 &(0.2;0.7) 0.75 &(0.2;0.9) 0.7 &(0.3;0.1) 0.78 &(0.3;0.3) 0.83 &(0.3;0.5) 0.83 &(0.3;0.7) 0.68 &(0.3;0.9) 0.68 &(0.4;0.1) 0.78 &(0.4;0.3) 0.83 &(0.4;0.5) 0.84 &(0.4;0.7) 0.7 &(0.4;0.9) 0.68 &(0.5;0.1) 0.78 &(0.5;0.3) 0.84 &(0.5;0.5) 0.84 &(0.5;0.7) 0.72 &(0.5;0.9) 0.69 &(0.6;0.1) 0.75 &(0.6;0.3) 0.84 &(0.6;0.5) 0.84 &(0.6;0.7) 0.72 &(0.6;0.9) 0.69\\ 
FaceFour(5) &(0.1;0.1) 0.72 &(0.1;0.3) 0.73 &(0.1;0.5) 0.74 &(0.1;0.7) 0.65 &(0.1;0.9) 0.56 &(0.2;0.1) 0.73 &(0.2;0.3) 0.75 &(0.2;0.5) 0.76 &(0.2;0.7) 0.66 &(0.2;0.9) 0.62 &(0.3;0.1) 0.69 &(0.3;0.3) 0.83 &(0.3;0.5) 0.81 &(0.3;0.7) 0.62 &(0.3;0.9) 0.68 &(0.4;0.1) 0.68 &(0.4;0.3) 0.83 &(0.4;0.5) 0.83 &(0.4;0.7) 0.67 &(0.4;0.9) 0.64 &(0.5;0.1) 0.69 &(0.5;0.3) 0.84 &(0.5;0.5) 0.82 &(0.5;0.7) 0.66 &(0.5;0.9) 0.62 &(0.6;0.1) 0.7 &(0.6;0.3) 0.84 &(0.6;0.5) 0.83 &(0.6;0.7) 0.68 &(0.6;0.9) 0.66\\ 
FaceFour(7) &(0.1;0.1) 0.67 &(0.1;0.3) 0.68 &(0.1;0.5) 0.64 &(0.1;0.7) 0.48 &(0.1;0.9) 0.45 &(0.2;0.1) 0.69 &(0.2;0.3) 0.72 &(0.2;0.5) 0.68 &(0.2;0.7) 0.64 &(0.2;0.9) 0.44 &(0.3;0.1) 0.69 &(0.3;0.3) 0.7 &(0.3;0.5) 0.68 &(0.3;0.7) 0.66 &(0.3;0.9) 0.49 &(0.4;0.1) 0.69 &(0.4;0.3) 0.69 &(0.4;0.5) 0.67 &(0.4;0.7) 0.65 &(0.4;0.9) 0.51 &(0.5;0.1) 0.69 &(0.5;0.3) 0.7 &(0.5;0.5) 0.68 &(0.5;0.7) 0.66 &(0.5;0.9) 0.5 &(0.6;0.1) 0.69 &(0.6;0.3) 0.69 &(0.6;0.5) 0.69 &(0.6;0.7) 0.65 &(0.6;0.9) 0.5\\ 
FaceFour(9) &(0.1;0.1) 0.66 &(0.1;0.3) 0.56 &(0.1;0.5) 0.57 &(0.1;0.7) 0.43 &(0.1;0.9) 0.39 &(0.2;0.1) 0.65 &(0.2;0.3) 0.68 &(0.2;0.5) 0.6 &(0.2;0.7) 0.51 &(0.2;0.9) 0.42 &(0.3;0.1) 0.67 &(0.3;0.3) 0.68 &(0.3;0.5) 0.61 &(0.3;0.7) 0.5 &(0.3;0.9) 0.42 &(0.4;0.1) 0.67 &(0.4;0.3) 0.68 &(0.4;0.5) 0.61 &(0.4;0.7) 0.52 &(0.4;0.9) 0.43 &(0.5;0.1) 0.68 &(0.5;0.3) 0.68 &(0.5;0.5) 0.6 &(0.5;0.7) 0.55 &(0.5;0.9) 0.44 &(0.6;0.1) 0.68 &(0.6;0.3) 0.69 &(0.6;0.5) 0.62 &(0.6;0.7) 0.53 &(0.6;0.9) 0.45\\ 
FaceFour(11) &(0.1;0.1) 0.56 &(0.1;0.3) 0.45 &(0.1;0.5) 0.43 &(0.1;0.7) 0.4 &(0.1;0.9) 0.38 &(0.2;0.1) 0.52 &(0.2;0.3) 0.52 &(0.2;0.5) 0.47 &(0.2;0.7) 0.42 &(0.2;0.9) 0.39 &(0.3;0.1) 0.51 &(0.3;0.3) 0.53 &(0.3;0.5) 0.47 &(0.3;0.7) 0.44 &(0.3;0.9) 0.39 &(0.4;0.1) 0.55 &(0.4;0.3) 0.53 &(0.4;0.5) 0.47 &(0.4;0.7) 0.44 &(0.4;0.9) 0.39 &(0.5;0.1) 0.55 &(0.5;0.3) 0.53 &(0.5;0.5) 0.47 &(0.5;0.7) 0.44 &(0.5;0.9) 0.4 &(0.6;0.1) 0.55 &(0.6;0.3) 0.53 &(0.6;0.5) 0.48 &(0.6;0.7) 0.44 &(0.6;0.9) 0.41\\ 
FaceFour(13) &(0.1;0.1) 0.5 &(0.1;0.3) 0.41 &(0.1;0.5) 0.39 &(0.1;0.7) 0.36 &(0.1;0.9) 0.36 &(0.2;0.1) 0.48 &(0.2;0.3) 0.42 &(0.2;0.5) 0.41 &(0.2;0.7) 0.39 &(0.2;0.9) 0.39 &(0.3;0.1) 0.51 &(0.3;0.3) 0.43 &(0.3;0.5) 0.43 &(0.3;0.7) 0.41 &(0.3;0.9) 0.39 &(0.4;0.1) 0.5 &(0.4;0.3) 0.44 &(0.4;0.5) 0.42 &(0.4;0.7) 0.42 &(0.4;0.9) 0.39 &(0.5;0.1) 0.51 &(0.5;0.3) 0.44 &(0.5;0.5) 0.43 &(0.5;0.7) 0.42 &(0.5;0.9) 0.4 &(0.6;0.1) 0.5 &(0.6;0.3) 0.44 &(0.6;0.5) 0.43 &(0.6;0.7) 0.42 &(0.6;0.9) 0.39\\ 
FaceFour best result: 0.9090909090909091 
Fungi(1) &(0.1;0.1) 0.92 &(0.1;0.3) 0.89 &(0.1;0.5) 0.88 &(0.1;0.7) 0.87 &(0.1;0.9) 0.84 &(0.2;0.1) 0.97 &(0.2;0.3) 0.94 &(0.2;0.5) 0.89 &(0.2;0.7) 0.89 &(0.2;0.9) 0.85 &(0.3;0.1) 0.97 &(0.3;0.3) 0.96 &(0.3;0.5) 0.94 &(0.3;0.7) 0.9 &(0.3;0.9) 0.87 &(0.4;0.1) 0.96 &(0.4;0.3) 0.97 &(0.4;0.5) 0.94 &(0.4;0.7) 0.92 &(0.4;0.9) 0.88 &(0.5;0.1) 0.96 &(0.5;0.3) 0.98 &(0.5;0.5) 0.95 &(0.5;0.7) 0.94 &(0.5;0.9) 0.88 &(0.6;0.1) 0.96 &(0.6;0.3) 0.97 &(0.6;0.5) 0.96 &(0.6;0.7) 0.94 &(0.6;0.9) 0.89\\ 
Fungi(3) &(0.1;0.1) 0.32 &(0.1;0.3) 0.24 &(0.1;0.5) 0.23 &(0.1;0.7) 0.23 &(0.1;0.9) 0.24 &(0.2;0.1) 0.39 &(0.2;0.3) 0.27 &(0.2;0.5) 0.27 &(0.2;0.7) 0.23 &(0.2;0.9) 0.24 &(0.3;0.1) 0.37 &(0.3;0.3) 0.27 &(0.3;0.5) 0.27 &(0.3;0.7) 0.27 &(0.3;0.9) 0.24 &(0.4;0.1) 0.38 &(0.4;0.3) 0.28 &(0.4;0.5) 0.25 &(0.4;0.7) 0.27 &(0.4;0.9) 0.25 &(0.5;0.1) 0.37 &(0.5;0.3) 0.33 &(0.5;0.5) 0.27 &(0.5;0.7) 0.27 &(0.5;0.9) 0.25 &(0.6;0.1) 0.37 &(0.6;0.3) 0.26 &(0.6;0.5) 0.27 &(0.6;0.7) 0.27 &(0.6;0.9) 0.25\\ 
Fungi(5) &(0.1;0.1) 0.19 &(0.1;0.3) 0.18 &(0.1;0.5) 0.18 &(0.1;0.7) 0.18 &(0.1;0.9) 0.18 &(0.2;0.1) 0.2 &(0.2;0.3) 0.18 &(0.2;0.5) 0.18 &(0.2;0.7) 0.18 &(0.2;0.9) 0.18 &(0.3;0.1) 0.24 &(0.3;0.3) 0.18 &(0.3;0.5) 0.18 &(0.3;0.7) 0.18 &(0.3;0.9) 0.18 &(0.4;0.1) 0.2 &(0.4;0.3) 0.22 &(0.4;0.5) 0.18 &(0.4;0.7) 0.18 &(0.4;0.9) 0.18 &(0.5;0.1) 0.2 &(0.5;0.3) 0.16 &(0.5;0.5) 0.18 &(0.5;0.7) 0.18 &(0.5;0.9) 0.18 &(0.6;0.1) 0.2 &(0.6;0.3) 0.18 &(0.6;0.5) 0.18 &(0.6;0.7) 0.18 &(0.6;0.9) 0.18\\ 
Fungi(7) &(0.1;0.1) 0.08 &(0.1;0.3) 0.08 &(0.1;0.5) 0.08 &(0.1;0.7) 0.08 &(0.1;0.9) 0.08 &(0.2;0.1) 0.12 &(0.2;0.3) 0.08 &(0.2;0.5) 0.08 &(0.2;0.7) 0.08 &(0.2;0.9) 0.08 &(0.3;0.1) 0.17 &(0.3;0.3) 0.08 &(0.3;0.5) 0.08 &(0.3;0.7) 0.08 &(0.3;0.9) 0.08 &(0.4;0.1) 0.11 &(0.4;0.3) 0.12 &(0.4;0.5) 0.08 &(0.4;0.7) 0.08 &(0.4;0.9) 0.08 &(0.5;0.1) 0.11 &(0.5;0.3) 0.12 &(0.5;0.5) 0.08 &(0.5;0.7) 0.08 &(0.5;0.9) 0.08 
Fungi best result: 0.98
GunPoint(1) &(0.1;0.1) 0.93 &(0.1;0.3) 0.92 &(0.1;0.5) 0.89 &(0.1;0.7) 0.89 &(0.1;0.9) 0.91 &(0.2;0.1) 0.93 &(0.2;0.3) 0.92 &(0.2;0.5) 0.9 &(0.2;0.7) 0.89 &(0.2;0.9) 0.91 &(0.3;0.1) 0.92 &(0.3;0.3) 0.92 &(0.3;0.5) 0.91 &(0.3;0.7) 0.9 &(0.3;0.9) 0.91 &(0.4;0.1) 0.95 &(0.4;0.3) 0.93 &(0.4;0.5) 0.91 &(0.4;0.7) 0.9 &(0.4;0.9) 0.91 &(0.5;0.1) 0.96 &(0.5;0.3) 0.93 &(0.5;0.5) 0.91 &(0.5;0.7) 0.9 &(0.5;0.9) 0.91 &(0.6;0.1) 0.97 &(0.6;0.3) 0.95 &(0.6;0.5) 0.91 &(0.6;0.7) 0.9 &(0.6;0.9) 0.91\\ 
GunPoint(3) &(0.1;0.1) 0.91 &(0.1;0.3) 0.89 &(0.1;0.5) 0.85 &(0.1;0.7) 0.85 &(0.1;0.9) 0.87 &(0.2;0.1) 0.9 &(0.2;0.3) 0.9 &(0.2;0.5) 0.86 &(0.2;0.7) 0.87 &(0.2;0.9) 0.87 &(0.3;0.1) 0.91 &(0.3;0.3) 0.9 &(0.3;0.5) 0.87 &(0.3;0.7) 0.87 &(0.3;0.9) 0.87 &(0.4;0.1) 0.93 &(0.4;0.3) 0.92 &(0.4;0.5) 0.87 &(0.4;0.7) 0.88 &(0.4;0.9) 0.87 &(0.5;0.1) 0.93 &(0.5;0.3) 0.91 &(0.5;0.5) 0.87 &(0.5;0.7) 0.88 &(0.5;0.9) 0.87 &(0.6;0.1) 0.91 &(0.6;0.3) 0.92 &(0.6;0.5) 0.88 &(0.6;0.7) 0.88 &(0.6;0.9) 0.88\\ 
GunPoint(5) &(0.1;0.1) 0.87 &(0.1;0.3) 0.83 &(0.1;0.5) 0.79 &(0.1;0.7) 0.78 &(0.1;0.9) 0.79 &(0.2;0.1) 0.83 &(0.2;0.3) 0.84 &(0.2;0.5) 0.8 &(0.2;0.7) 0.78 &(0.2;0.9) 0.79 &(0.3;0.1) 0.87 &(0.3;0.3) 0.86 &(0.3;0.5) 0.8 &(0.3;0.7) 0.78 &(0.3;0.9) 0.79 &(0.4;0.1) 0.91 &(0.4;0.3) 0.86 &(0.4;0.5) 0.79 &(0.4;0.7) 0.79 &(0.4;0.9) 0.78 &(0.5;0.1) 0.89 &(0.5;0.3) 0.86 &(0.5;0.5) 0.81 &(0.5;0.7) 0.79 &(0.5;0.9) 0.77 &(0.6;0.1) 0.86 &(0.6;0.3) 0.88 &(0.6;0.5) 0.81 &(0.6;0.7) 0.79 &(0.6;0.9) 0.77\\ 
GunPoint(7) &(0.1;0.1) 0.8 &(0.1;0.3) 0.81 &(0.1;0.5) 0.79 &(0.1;0.7) 0.77 &(0.1;0.9) 0.8 &(0.2;0.1) 0.8 &(0.2;0.3) 0.81 &(0.2;0.5) 0.79 &(0.2;0.7) 0.78 &(0.2;0.9) 0.8 &(0.3;0.1) 0.88 &(0.3;0.3) 0.81 &(0.3;0.5) 0.81 &(0.3;0.7) 0.78 &(0.3;0.9) 0.8 &(0.4;0.1) 0.9 &(0.4;0.3) 0.82 &(0.4;0.5) 0.8 &(0.4;0.7) 0.78 &(0.4;0.9) 0.79 &(0.5;0.1) 0.86 &(0.5;0.3) 0.85 &(0.5;0.5) 0.8 &(0.5;0.7) 0.77 &(0.5;0.9) 0.79 &(0.6;0.1) 0.84 &(0.6;0.3) 0.89 &(0.6;0.5) 0.79 &(0.6;0.7) 0.79 &(0.6;0.9) 0.79\\ 
GunPoint(9) &(0.1;0.1) 0.83 &(0.1;0.3) 0.78 &(0.1;0.5) 0.77 &(0.1;0.7) 0.75 &(0.1;0.9) 0.78 &(0.2;0.1) 0.83 &(0.2;0.3) 0.78 &(0.2;0.5) 0.76 &(0.2;0.7) 0.75 &(0.2;0.9) 0.79 &(0.3;0.1) 0.86 &(0.3;0.3) 0.83 &(0.3;0.5) 0.79 &(0.3;0.7) 0.75 &(0.3;0.9) 0.79 &(0.4;0.1) 0.91 &(0.4;0.3) 0.86 &(0.4;0.5) 0.82 &(0.4;0.7) 0.76 &(0.4;0.9) 0.79 &(0.5;0.1) 0.85 &(0.5;0.3) 0.86 &(0.5;0.5) 0.83 &(0.5;0.7) 0.77 &(0.5;0.9) 0.79 &(0.6;0.1) 0.83 &(0.6;0.3) 0.89 &(0.6;0.5) 0.82 &(0.6;0.7) 0.79 &(0.6;0.9) 0.78\\ 
GunPoint(11) &(0.1;0.1) 0.85 &(0.1;0.3) 0.77 &(0.1;0.5) 0.74 &(0.1;0.7) 0.71 &(0.1;0.9) 0.77 &(0.2;0.1) 0.84 &(0.2;0.3) 0.83 &(0.2;0.5) 0.79 &(0.2;0.7) 0.73 &(0.2;0.9) 0.78 &(0.3;0.1) 0.81 &(0.3;0.3) 0.83 &(0.3;0.5) 0.81 &(0.3;0.7) 0.74 &(0.3;0.9) 0.79 &(0.4;0.1) 0.79 &(0.4;0.3) 0.83 &(0.4;0.5) 0.75 &(0.4;0.7) 0.77 &(0.4;0.9) 0.78 &(0.5;0.1) 0.75 &(0.5;0.3) 0.81 &(0.5;0.5) 0.75 &(0.5;0.7) 0.77 &(0.5;0.9) 0.78 &(0.6;0.1) 0.73 &(0.6;0.3) 0.81 &(0.6;0.5) 0.77 &(0.6;0.7) 0.78 &(0.6;0.9) 0.79\\ 
GunPoint(13) &(0.1;0.1) 0.81 &(0.1;0.3) 0.77 &(0.1;0.5) 0.71 &(0.1;0.7) 0.71 &(0.1;0.9) 0.76 &(0.2;0.1) 0.8 &(0.2;0.3) 0.77 &(0.2;0.5) 0.72 &(0.2;0.7) 0.69 &(0.2;0.9) 0.77 &(0.3;0.1) 0.73 &(0.3;0.3) 0.79 &(0.3;0.5) 0.74 &(0.3;0.7) 0.68 &(0.3;0.9) 0.77 &(0.4;0.1) 0.71 &(0.4;0.3) 0.81 &(0.4;0.5) 0.75 &(0.4;0.7) 0.7 &(0.4;0.9) 0.77 &(0.5;0.1) 0.68 &(0.5;0.3) 0.79 &(0.5;0.5) 0.75 &(0.5;0.7) 0.71 &(0.5;0.9) 0.78 &(0.6;0.1) 0.68 &(0.6;0.3) 0.75 &(0.6;0.5) 0.75 &(0.6;0.7) 0.72 &(0.6;0.9) 0.78\\ 
GunPoint best result: 0.9666666666666667 
Herring(1) &(0.1;0.1) 0.58 &(0.1;0.3) 0.55 &(0.1;0.5) 0.56 &(0.1;0.7) 0.52 &(0.1;0.9) 0.53 &(0.2;0.1) 0.58 &(0.2;0.3) 0.55 &(0.2;0.5) 0.58 &(0.2;0.7) 0.52 &(0.2;0.9) 0.53 &(0.3;0.1) 0.58 &(0.3;0.3) 0.55 &(0.3;0.5) 0.58 &(0.3;0.7) 0.52 &(0.3;0.9) 0.53 &(0.4;0.1) 0.53 &(0.4;0.3) 0.55 &(0.4;0.5) 0.58 &(0.4;0.7) 0.52 &(0.4;0.9) 0.53 &(0.5;0.1) 0.64 &(0.5;0.3) 0.56 &(0.5;0.5) 0.58 &(0.5;0.7) 0.52 &(0.5;0.9) 0.53 &(0.6;0.1) 0.64 &(0.6;0.3) 0.62 &(0.6;0.5) 0.58 &(0.6;0.7) 0.52 &(0.6;0.9) 0.53\\ 
Herring(3) &(0.1;0.1) 0.58 &(0.1;0.3) 0.52 &(0.1;0.5) 0.58 &(0.1;0.7) 0.56 &(0.1;0.9) 0.55 &(0.2;0.1) 0.59 &(0.2;0.3) 0.53 &(0.2;0.5) 0.58 &(0.2;0.7) 0.56 &(0.2;0.9) 0.55 &(0.3;0.1) 0.55 &(0.3;0.3) 0.55 &(0.3;0.5) 0.58 &(0.3;0.7) 0.56 &(0.3;0.9) 0.55 &(0.4;0.1) 0.55 &(0.4;0.3) 0.56 &(0.4;0.5) 0.58 &(0.4;0.7) 0.56 &(0.4;0.9) 0.55 &(0.5;0.1) 0.55 &(0.5;0.3) 0.61 &(0.5;0.5) 0.58 &(0.5;0.7) 0.58 &(0.5;0.9) 0.55 &(0.6;0.1) 0.61 &(0.6;0.3) 0.7 &(0.6;0.5) 0.58 &(0.6;0.7) 0.58 &(0.6;0.9) 0.55\\ 
Herring(5) &(0.1;0.1) 0.59 &(0.1;0.3) 0.5 &(0.1;0.5) 0.55 &(0.1;0.7) 0.48 &(0.1;0.9) 0.48 &(0.2;0.1) 0.56 &(0.2;0.3) 0.55 &(0.2;0.5) 0.52 &(0.2;0.7) 0.48 &(0.2;0.9) 0.48 &(0.3;0.1) 0.58 &(0.3;0.3) 0.55 &(0.3;0.5) 0.55 &(0.3;0.7) 0.5 &(0.3;0.9) 0.48 &(0.4;0.1) 0.58 &(0.4;0.3) 0.59 &(0.4;0.5) 0.56 &(0.4;0.7) 0.5 &(0.4;0.9) 0.48 &(0.5;0.1) 0.59 &(0.5;0.3) 0.61 &(0.5;0.5) 0.55 &(0.5;0.7) 0.5 &(0.5;0.9) 0.48 &(0.6;0.1) 0.56 &(0.6;0.3) 0.62 &(0.6;0.5) 0.53 &(0.6;0.7) 0.5 &(0.6;0.9) 0.48\\ 
Herring(7) &(0.1;0.1) 0.56 &(0.1;0.3) 0.61 &(0.1;0.5) 0.58 &(0.1;0.7) 0.58 &(0.1;0.9) 0.52 &(0.2;0.1) 0.61 &(0.2;0.3) 0.58 &(0.2;0.5) 0.56 &(0.2;0.7) 0.58 &(0.2;0.9) 0.52 &(0.3;0.1) 0.64 &(0.3;0.3) 0.58 &(0.3;0.5) 0.55 &(0.3;0.7) 0.58 &(0.3;0.9) 0.52 &(0.4;0.1) 0.64 &(0.4;0.3) 0.53 &(0.4;0.5) 0.55 &(0.4;0.7) 0.58 &(0.4;0.9) 0.52 &(0.5;0.1) 0.59 &(0.5;0.3) 0.52 &(0.5;0.5) 0.56 &(0.5;0.7) 0.56 &(0.5;0.9) 0.52 &(0.6;0.1) 0.59 &(0.6;0.3) 0.53 &(0.6;0.5) 0.56 &(0.6;0.7) 0.58 &(0.6;0.9) 0.52\\ 
Herring(9) 
Herring best result: 
ItalyPowerDemand(1) &(0.1;0.1) 0.96 &(0.1;0.3) 0.95 &(0.1;0.5) 0.95 &(0.1;0.7) 0.95 &(0.1;0.9) 0.96 &(0.2;0.1) 0.94 &(0.2;0.3) 0.94 &(0.2;0.5) 0.95 &(0.2;0.7) 0.95 &(0.2;0.9) 0.96 &(0.3;0.1) 0.93 &(0.3;0.3) 0.95 &(0.3;0.5) 0.95 &(0.3;0.7) 0.95 &(0.3;0.9) 0.96 &(0.4;0.1) 0.92 &(0.4;0.3) 0.95 &(0.4;0.5) 0.95 &(0.4;0.7) 0.95 &(0.4;0.9) 0.96 &(0.5;0.1) 0.9 &(0.5;0.3) 0.95 &(0.5;0.5) 0.95 &(0.5;0.7) 0.95 &(0.5;0.9) 0.96 &(0.6;0.1) 0.9 &(0.6;0.3) 0.95 &(0.6;0.5) 0.95 &(0.6;0.7) 0.95 &(0.6;0.9) 0.96\\ 
ItalyPowerDemand(3) &(0.1;0.1) 0.95 &(0.1;0.3) 0.95 &(0.1;0.5) 0.95 &(0.1;0.7) 0.95 &(0.1;0.9) 0.96 &(0.2;0.1) 0.94 &(0.2;0.3) 0.95 &(0.2;0.5) 0.95 &(0.2;0.7) 0.95 &(0.2;0.9) 0.96 &(0.3;0.1) 0.93 &(0.3;0.3) 0.96 &(0.3;0.5) 0.95 &(0.3;0.7) 0.95 &(0.3;0.9) 0.96 &(0.4;0.1) 0.91 &(0.4;0.3) 0.96 &(0.4;0.5) 0.96 &(0.4;0.7) 0.95 &(0.4;0.9) 0.96 &(0.5;0.1) 0.91 &(0.5;0.3) 0.96 &(0.5;0.5) 0.96 &(0.5;0.7) 0.95 &(0.5;0.9) 0.96 &(0.6;0.1) 0.9 &(0.6;0.3) 0.95 &(0.6;0.5) 0.96 &(0.6;0.7) 0.95 &(0.6;0.9) 0.96\\ 
ItalyPowerDemand(5) &(0.1;0.1) 0.95 &(0.1;0.3) 0.96 &(0.1;0.5) 0.96 &(0.1;0.7) 0.96 &(0.1;0.9) 0.95 &(0.2;0.1) 0.95 &(0.2;0.3) 0.96 &(0.2;0.5) 0.96 &(0.2;0.7) 0.96 &(0.2;0.9) 0.95 &(0.3;0.1) 0.93 &(0.3;0.3) 0.96 &(0.3;0.5) 0.96 &(0.3;0.7) 0.96 &(0.3;0.9) 0.95 &(0.4;0.1) 0.9 &(0.4;0.3) 0.95 &(0.4;0.5) 0.96 &(0.4;0.7) 0.96 &(0.4;0.9) 0.95 &(0.5;0.1) 0.9 &(0.5;0.3) 0.95 &(0.5;0.5) 0.96 &(0.5;0.7) 0.96 &(0.5;0.9) 0.95 &(0.6;0.1) 0.9 &(0.6;0.3) 0.95 &(0.6;0.5) 0.96 &(0.6;0.7) 0.96 &(0.6;0.9) 0.95\\ 
ItalyPowerDemand(7) &(0.1;0.1) 0.96 &(0.1;0.3) 0.96 &(0.1;0.5) 0.96 &(0.1;0.7) 0.96 &(0.1;0.9) 0.96 &(0.2;0.1) 0.94 &(0.2;0.3) 0.96 &(0.2;0.5) 0.96 &(0.2;0.7) 0.96 &(0.2;0.9) 0.96 &(0.3;0.1) 0.93 &(0.3;0.3) 0.96 &(0.3;0.5) 0.96 &(0.3;0.7) 0.96 &(0.3;0.9) 0.96 &(0.4;0.1) 0.88 &(0.4;0.3) 0.96 &(0.4;0.5) 0.96 &(0.4;0.7) 0.96 &(0.4;0.9) 0.96 &(0.5;0.1) 0.88 &(0.5;0.3) 0.95 &(0.5;0.5) 0.96 &(0.5;0.7) 0.96 &(0.5;0.9) 0.96 &(0.6;0.1) 0.89 &(0.6;0.3) 0.96 &(0.6;0.5) 0.96 &(0.6;0.7) 0.96 &(0.6;0.9) 0.96\\ 
ItalyPowerDemand(9) &(0.1;0.1) 0.96 &(0.1;0.3) 0.97 &(0.1;0.5) 0.96 &(0.1;0.7) 0.96 &(0.1;0.9) 0.96 &(0.2;0.1) 0.94 &(0.2;0.3) 0.96 &(0.2;0.5) 0.96 &(0.2;0.7) 0.96 &(0.2;0.9) 0.96 &(0.3;0.1) 0.92 &(0.3;0.3) 0.96 &(0.3;0.5) 0.95 &(0.3;0.7) 0.96 &(0.3;0.9) 0.96 &(0.4;0.1) 0.87 &(0.4;0.3) 0.95 &(0.4;0.5) 0.96 &(0.4;0.7) 0.96 &(0.4;0.9) 0.96 &(0.5;0.1) 0.86 &(0.5;0.3) 0.95 &(0.5;0.5) 0.96 &(0.5;0.7) 0.96 &(0.5;0.9) 0.96 &(0.6;0.1) 0.87 &(0.6;0.3) 0.96 &(0.6;0.5) 0.96 
ItalyPowerDemand best result: 0.97 
MoteStrain(1) &(0.1;0.1) 0.84 &(0.1;0.3) 0.83 &(0.1;0.5) 0.8 &(0.1;0.7) 0.81 &(0.1;0.9) 0.83 &(0.2;0.1) 0.85 &(0.2;0.3) 0.83 &(0.2;0.5) 0.8 &(0.2;0.7) 0.81 &(0.2;0.9) 0.83 &(0.3;0.1) 0.86 &(0.3;0.3) 0.83 &(0.3;0.5) 0.8 &(0.3;0.7) 0.81 &(0.3;0.9) 0.83 &(0.4;0.1) 0.87 &(0.4;0.3) 0.84 &(0.4;0.5) 0.8 &(0.4;0.7) 0.8 &(0.4;0.9) 0.83 &(0.5;0.1) 0.87 &(0.5;0.3) 0.84 &(0.5;0.5) 0.81 &(0.5;0.7) 0.81 &(0.5;0.9) 0.83 &(0.6;0.1) 0.87 &(0.6;0.3) 0.85 &(0.6;0.5) 0.81 &(0.6;0.7) 0.81 &(0.6;0.9) 0.84\\ 
MoteStrain(3) &(0.1;0.1) 0.85 &(0.1;0.3) 0.86 &(0.1;0.5) 0.8 &(0.1;0.7) 0.81 &(0.1;0.9) 0.83 &(0.2;0.1) 0.85 &(0.2;0.3) 0.86 &(0.2;0.5) 0.8 &(0.2;0.7) 0.81 &(0.2;0.9) 0.83 &(0.3;0.1) 0.86 &(0.3;0.3) 0.86 &(0.3;0.5) 0.8 &(0.3;0.7) 0.81 &(0.3;0.9) 0.83 &(0.4;0.1) 0.85 &(0.4;0.3) 0.86 &(0.4;0.5) 0.81 &(0.4;0.7) 0.81 &(0.4;0.9) 0.83 &(0.5;0.1) 0.85 &(0.5;0.3) 0.85 &(0.5;0.5) 0.81 &(0.5;0.7) 0.81 &(0.5;0.9) 0.83 &(0.6;0.1) 0.85 &(0.6;0.3) 0.85 &(0.6;0.5) 0.81 &(0.6;0.7) 0.81 &(0.6;0.9) 0.83\\ 
MoteStrain(5) &(0.1;0.1) 0.86 &(0.1;0.3) 0.84 &(0.1;0.5) 0.78 &(0.1;0.7) 0.8 &(0.1;0.9) 0.82 &(0.2;0.1) 0.85 &(0.2;0.3) 0.85 &(0.2;0.5) 0.79 &(0.2;0.7) 0.8 &(0.2;0.9) 0.82 &(0.3;0.1) 0.85 &(0.3;0.3) 0.85 &(0.3;0.5) 0.79 &(0.3;0.7) 0.79 &(0.3;0.9) 0.82 &(0.4;0.1) 0.85 &(0.4;0.3) 0.86 &(0.4;0.5) 0.8 &(0.4;0.7) 0.79 &(0.4;0.9) 0.82 &(0.5;0.1) 0.86 &(0.5;0.3) 0.85 &(0.5;0.5) 0.81 
MoteStrain best result: 0.87
OliveOil(1) &(0.1;0.1) 0.87 &(0.1;0.3) 0.87 &(0.1;0.5) 0.87 &(0.1;0.7) 0.87 &(0.1;0.9) 0.87 &(0.2;0.1) 0.87 &(0.2;0.3) 0.87 &(0.2;0.5) 0.87 &(0.2;0.7) 0.87 &(0.2;0.9) 0.87 &(0.3;0.1) 0.87 &(0.3;0.3) 0.87 &(0.3;0.5) 0.87 &(0.3;0.7) 0.87 &(0.3;0.9) 0.87 &(0.4;0.1) 0.87 &(0.4;0.3) 0.87 &(0.4;0.5) 0.87 &(0.4;0.7) 0.87 &(0.4;0.9) 0.87 &(0.5;0.1) 0.87 &(0.5;0.3) 0.87 &(0.5;0.5) 0.87 &(0.5;0.7) 0.87 &(0.5;0.9) 0.87 &(0.6;0.1) 0.87 &(0.6;0.3) 0.87 &(0.6;0.5) 0.87 &(0.6;0.7) 0.87 &(0.6;0.9) 0.87\\ 
OliveOil(3) &(0.1;0.1) 0.9 &(0.1;0.3) 0.9 &(0.1;0.5) 0.9 &(0.1;0.7) 0.9 &(0.1;0.9) 0.9 &(0.2;0.1) 0.9 &(0.2;0.3) 0.9 &(0.2;0.5) 0.9 &(0.2;0.7) 0.9 &(0.2;0.9) 0.9 &(0.3;0.1) 0.9 &(0.3;0.3) 0.9 &(0.3;0.5) 0.9 &(0.3;0.7) 0.9 &(0.3;0.9) 0.9 &(0.4;0.1) 0.9 &(0.4;0.3) 0.9 &(0.4;0.5) 0.9 &(0.4;0.7) 0.9 &(0.4;0.9) 0.9 &(0.5;0.1) 0.9 &(0.5;0.3) 0.9 &(0.5;0.5) 0.9 &(0.5;0.7) 0.9 &(0.5;0.9) 0.9 &(0.6;0.1) 0.9 &(0.6;0.3) 0.9 &(0.6;0.5) 0.9 &(0.6;0.7) 0.9 &(0.6;0.9) 0.9\\ 
OliveOil(5) &(0.1;0.1) 0.83 &(0.1;0.3) 0.87 &(0.1;0.5) 0.87 &(0.1;0.7) 0.87 &(0.1;0.9) 0.83 &(0.2;0.1) 0.83 &(0.2;0.3) 0.87 &(0.2;0.5) 0.87 &(0.2;0.7) 0.87 &(0.2;0.9) 0.83 &(0.3;0.1) 0.83 &(0.3;0.3) 0.87 &(0.3;0.5) 0.87 &(0.3;0.7) 0.87 &(0.3;0.9) 0.83 &(0.4;0.1) 0.83 &(0.4;0.3) 0.87 &(0.4;0.5) 0.87 &(0.4;0.7) 0.87 &(0.4;0.9) 0.83 &(0.5;0.1) 0.83 &(0.5;0.3) 0.87 &(0.5;0.5) 0.87 &(0.5;0.7) 0.87 &(0.5;0.9) 0.83 &(0.6;0.1) 0.83 &(0.6;0.3) 0.87 &(0.6;0.5) 0.87 &(0.6;0.7) 0.87 &(0.6;0.9) 0.83\\ 
OliveOil(7) &(0.1;0.1) 0.83 &(0.1;0.3) 0.83 &(0.1;0.5) 0.83 &(0.1;0.7) 0.83 &(0.1;0.9) 0.83 &(0.2;0.1) 0.83 &(0.2;0.3) 0.83 &(0.2;0.5) 0.83 &(0.2;0.7) 0.83 &(0.2;0.9) 0.83 &(0.3;0.1) 0.83 &(0.3;0.3) 0.83 &(0.3;0.5) 0.83 &(0.3;0.7) 0.83 &(0.3;0.9) 0.83 &(0.4;0.1) 0.83 &(0.4;0.3) 0.83 &(0.4;0.5) 0.83 &(0.4;0.7) 0.83 &(0.4;0.9) 0.83 &(0.5;0.1) 0.83 &(0.5;0.3) 0.83 &(0.5;0.5) 0.83 &(0.5;0.7) 0.83 &(0.5;0.9) 0.83 &(0.6;0.1) 0.83 &(0.6;0.3) 0.83 &(0.6;0.5) 0.83 &(0.6;0.7) 0.83 &(0.6;0.9) 0.83\\ 
OliveOil(9) &(0.1;0.1) 0.77 &(0.1;0.3) 0.77 &(0.1;0.5) 0.77 &(0.1;0.7) 0.73 &(0.1;0.9) 0.73 &(0.2;0.1) 0.77 &(0.2;0.3) 0.77 &(0.2;0.5) 0.77 &(0.2;0.7) 0.73 &(0.2;0.9) 0.73 &(0.3;0.1) 0.77 &(0.3;0.3) 0.77 &(0.3;0.5) 0.77 &(0.3;0.7) 0.73 &(0.3;0.9) 0.73 &(0.4;0.1) 0.77 &(0.4;0.3) 0.77 &(0.4;0.5) 0.77 &(0.4;0.7) 0.73 &(0.4;0.9) 0.73 &(0.5;0.1) 0.77 &(0.5;0.3) 0.77 &(0.5;0.5) 0.77 &(0.5;0.7) 0.73 &(0.5;0.9) 0.73 &(0.6;0.1) 0.77 &(0.6;0.3) 0.77 &(0.6;0.5) 0.77 &(0.6;0.7) 0.73 &(0.6;0.9) 0.73\\ 
OliveOil(11) &(0.1;0.1) 0.73 &(0.1;0.3) 0.7 &(0.1;0.5) 0.7 &(0.1;0.7) 0.7 &(0.1;0.9) 0.7 &(0.2;0.1) 0.73 &(0.2;0.3) 0.7 &(0.2;0.5) 0.7 &(0.2;0.7) 0.7 &(0.2;0.9) 0.7 &(0.3;0.1) 0.73 &(0.3;0.3) 0.7 &(0.3;0.5) 0.7 &(0.3;0.7) 0.7 &(0.3;0.9) 0.7 &(0.4;0.1) 0.73 &(0.4;0.3) 0.7 &(0.4;0.5) 0.7 &(0.4;0.7) 0.7 &(0.4;0.9) 0.7 &(0.5;0.1) 0.73 &(0.5;0.3) 0.7 &(0.5;0.5) 0.7 &(0.5;0.7) 0.7 &(0.5;0.9) 0.7 &(0.6;0.1) 0.73 &(0.6;0.3) 0.7 &(0.6;0.5) 0.7 &(0.6;0.7) 0.7 &(0.6;0.9) 0.7\\ 
OliveOil(13) &(0.1;0.1) 0.67 &(0.1;0.3) 0.7 &(0.1;0.5) 0.7 &(0.1;0.7) 0.67 &(0.1;0.9) 0.67 &(0.2;0.1) 0.67 &(0.2;0.3) 0.7 &(0.2;0.5) 0.7 &(0.2;0.7) 0.67 &(0.2;0.9) 0.67 &(0.3;0.1) 0.67 &(0.3;0.3) 0.7 &(0.3;0.5) 0.7 &(0.3;0.7) 0.67 &(0.3;0.9) 0.67 &(0.4;0.1) 0.67 &(0.4;0.3) 0.7 &(0.4;0.5) 0.7 &(0.4;0.7) 0.67 &(0.4;0.9) 0.67 &(0.5;0.1) 0.67 &(0.5;0.3) 0.7 &(0.5;0.5) 0.7 &(0.5;0.7) 0.67 &(0.5;0.9) 0.67 &(0.6;0.1) 0.67 &(0.6;0.3) 0.7 &(0.6;0.5) 0.7 &(0.6;0.7) 0.67 &(0.6;0.9) 0.67\\ 
OliveOil best result: 0.9 
Plane(1) &(0.1;0.1) 0.96 &(0.1;0.3) 0.96 &(0.1;0.5) 0.96 &(0.1;0.7) 0.96 &(0.1;0.9) 0.96 &(0.2;0.1) 1.0 &(0.2;0.3) 0.97 &(0.2;0.5) 0.96 &(0.2;0.7) 0.96 &(0.2;0.9) 0.96 &(0.3;0.1) 1.0 &(0.3;0.3) 0.98 &(0.3;0.5) 0.96 &(0.3;0.7) 0.96 &(0.3;0.9) 0.96 &(0.4;0.1) 1.0 &(0.4;0.3) 0.99 &(0.4;0.5) 0.96 &(0.4;0.7) 0.96 &(0.4;0.9) 0.96 &(0.5;0.1) 1.0 &(0.5;0.3) 0.98 &(0.5;0.5) 0.96 &(0.5;0.7) 0.96 &(0.5;0.9) 0.96 &(0.6;0.1) 1.0 &(0.6;0.3) 0.99 &(0.6;0.5) 0.96 &(0.6;0.7) 0.96 &(0.6;0.9) 0.96\\ 
Plane(3) &(0.1;0.1) 0.97 &(0.1;0.3) 0.96 &(0.1;0.5) 0.96 &(0.1;0.7) 0.96 &(0.1;0.9) 0.96 &(0.2;0.1) 1.0 &(0.2;0.3) 0.97 &(0.2;0.5) 0.96 &(0.2;0.7) 0.96 &(0.2;0.9) 0.96 &(0.3;0.1) 1.0 &(0.3;0.3) 0.98 &(0.3;0.5) 0.96 &(0.3;0.7) 0.96 &(0.3;0.9) 0.96 &(0.4;0.1) 1.0 &(0.4;0.3) 0.98 &(0.4;0.5) 0.97 &(0.4;0.7) 0.96 &(0.4;0.9) 0.96 &(0.5;0.1) 1.0 &(0.5;0.3) 0.98 &(0.5;0.5) 0.97 &(0.5;0.7) 0.96 &(0.5;0.9) 0.96 &(0.6;0.1) 1.0 &(0.6;0.3) 0.98 &(0.6;0.5) 0.97 
Plane best result: 1.0
SmoothSubspace(1) &(0.1;0.1) 0.98 &(0.1;0.3) 0.97 &(0.1;0.5) 0.91 &(0.1;0.7) 0.88 &(0.1;0.9) 0.93 &(0.2;0.1) 0.99 &(0.2;0.3) 0.97 &(0.2;0.5) 0.9 &(0.2;0.7) 0.87 &(0.2;0.9) 0.93 &(0.3;0.1) 0.98 &(0.3;0.3) 0.99 &(0.3;0.5) 0.91 &(0.3;0.7) 0.87 &(0.3;0.9) 0.93 &(0.4;0.1) 0.95 &(0.4;0.3) 0.97 &(0.4;0.5) 0.94 &(0.4;0.7) 0.85 &(0.4;0.9) 0.93 &(0.5;0.1) 0.93 &(0.5;0.3) 0.98 &(0.5;0.5) 0.92 &(0.5;0.7) 0.85 &(0.5;0.9) 0.93 &(0.6;0.1) 0.93 &(0.6;0.3) 0.97 &(0.6;0.5) 0.91 &(0.6;0.7) 0.86 &(0.6;0.9) 0.93\\ 
SmoothSubspace(3) &(0.1;0.1) 0.99 &(0.1;0.3) 0.99 &(0.1;0.5) 0.91 &(0.1;0.7) 0.89 &(0.1;0.9) 0.92 &(0.2;0.1) 0.98 &(0.2;0.3) 0.97 &(0.2;0.5) 0.91 &(0.2;0.7) 0.87 &(0.2;0.9) 0.92 &(0.3;0.1) 0.98 &(0.3;0.3) 0.99 &(0.3;0.5) 0.92 &(0.3;0.7) 0.87 &(0.3;0.9) 0.92 &(0.4;0.1) 0.96 &(0.4;0.3) 0.99 &(0.4;0.5) 0.89 &(0.4;0.7) 0.87 &(0.4;0.9) 0.92 &(0.5;0.1) 0.91 &(0.5;0.3) 0.99 &(0.5;0.5) 0.91 &(0.5;0.7) 0.87 &(0.5;0.9) 0.92 &(0.6;0.1) 0.91 &(0.6;0.3) 0.97 &(0.6;0.5) 0.91 &(0.6;0.7) 0.89 &(0.6;0.9) 0.92\\ 
SmoothSubspace(5) &(0.1;0.1) 0.99 &(0.1;0.3) 0.97 &(0.1;0.5) 0.89 &(0.1;0.7) 0.89 &(0.1;0.9) 0.94 &(0.2;0.1) 0.99 &(0.2;0.3) 0.99 &(0.2;0.5) 0.91 &(0.2;0.7) 0.88 &(0.2;0.9) 0.94 &(0.3;0.1) 0.97 &(0.3;0.3) 0.99 &(0.3;0.5) 0.91 &(0.3;0.7) 0.88 &(0.3;0.9) 0.94 &(0.4;0.1) 0.96 &(0.4;0.3) 1.0 &(0.4;0.5) 0.91 &(0.4;0.7) 0.89 &(0.4;0.9) 0.94 &(0.5;0.1) 0.93 &(0.5;0.3) 0.99 &(0.5;0.5) 0.91 &(0.5;0.7) 0.89 &(0.5;0.9) 0.94 &(0.6;0.1) 0.92 &(0.6;0.3) 0.99 &(0.6;0.5) 0.91 &(0.6;0.7) 0.91 &(0.6;0.9) 0.94\\ 
SmoothSubspace best result: 1.0
SonyAIBORobotSurface1(1) &(0.1;0.1) 0.69 &(0.1;0.3) 0.64 &(0.1;0.5) 0.64 &(0.1;0.7) 0.61 &(0.1;0.9) 0.68 &(0.2;0.1) 0.73 &(0.2;0.3) 0.66 &(0.2;0.5) 0.66 &(0.2;0.7) 0.62 &(0.2;0.9) 0.68 &(0.3;0.1) 0.71 &(0.3;0.3) 0.67 &(0.3;0.5) 0.67 &(0.3;0.7) 0.63 &(0.3;0.9) 0.68 &(0.4;0.1) 0.71 &(0.4;0.3) 0.67 &(0.4;0.5) 0.66 &(0.4;0.7) 0.64 &(0.4;0.9) 0.68 &(0.5;0.1) 0.71 &(0.5;0.3) 0.67 &(0.5;0.5) 0.67 &(0.5;0.7) 0.64 &(0.5;0.9) 0.68 &(0.6;0.1) 0.69 &(0.6;0.3) 0.67 &(0.6;0.5) 0.66 &(0.6;0.7) 0.65 &(0.6;0.9) 0.69\\ 
SonyAIBORobotSurface1(3) &(0.1;0.1) 0.59 &(0.1;0.3) 0.52 &(0.1;0.5) 0.52 &(0.1;0.7) 0.5 &(0.1;0.9) 0.56 &(0.2;0.1) 0.62 &(0.2;0.3) 0.53 &(0.2;0.5) 0.53 &(0.2;0.7) 0.51 &(0.2;0.9) 0.56 &(0.3;0.1) 0.62 &(0.3;0.3) 0.53 &(0.3;0.5) 0.53 &(0.3;0.7) 0.51 &(0.3;0.9) 0.56 &(0.4;0.1) 0.63 &(0.4;0.3) 0.54 &(0.4;0.5) 0.54 &(0.4;0.7) 0.51 &(0.4;0.9) 0.56 &(0.5;0.1) 0.64 &(0.5;0.3) 0.54 &(0.5;0.5) 0.54 &(0.5;0.7) 0.52 &(0.5;0.9) 0.56 &(0.6;0.1) 0.6 &(0.6;0.3) 0.54 &(0.6;0.5) 0.54 &(0.6;0.7) 0.52 &(0.6;0.9) 0.56\\ 
SonyAIBORobotSurface1(5) &(0.1;0.1) 0.52 &(0.1;0.3) 0.45 &(0.1;0.5) 0.44 &(0.1;0.7) 0.43 &(0.1;0.9) 0.45 &(0.2;0.1) 0.57 &(0.2;0.3) 0.46 &(0.2;0.5) 0.44 &(0.2;0.7) 0.43 &(0.2;0.9) 0.45 &(0.3;0.1) 0.55 &(0.3;0.3) 0.46 &(0.3;0.5) 0.44 &(0.3;0.7) 0.43 &(0.3;0.9) 0.45 &(0.4;0.1) 0.54 &(0.4;0.3) 0.47 &(0.4;0.5) 0.45 &(0.4;0.7) 0.43 &(0.4;0.9) 0.45 &(0.5;0.1) 0.56 &(0.5;0.3) 0.47 &(0.5;0.5) 0.45 &(0.5;0.7) 0.43 &(0.5;0.9) 0.45 &(0.6;0.1) 0.53 &(0.6;0.3) 0.47 &(0.6;0.5) 0.45 &(0.6;0.7) 0.43 &(0.6;0.9) 0.45\\ 
SonyAIBORobotSurface1(7) &(0.1;0.1) 0.44 &(0.1;0.3) 0.43 &(0.1;0.5) 0.43 &(0.1;0.7) 0.43 &(0.1;0.9) 0.43 &(0.2;0.1) 0.48 &(0.2;0.3) 0.43 &(0.2;0.5) 0.43 &(0.2;0.7) 0.43 &(0.2;0.9) 0.43 &(0.3;0.1) 0.47 &(0.3;0.3) 0.43 &(0.3;0.5) 0.43 &(0.3;0.7) 0.43 &(0.3;0.9) 0.43 &(0.4;0.1) 0.47 &(0.4;0.3) 0.43 &(0.4;0.5) 0.43 &(0.4;0.7) 0.43 &(0.4;0.9) 0.43 &(0.5;0.1) 0.47 &(0.5;0.3) 0.43 &(0.5;0.5) 0.43 &(0.5;0.7) 0.43 &(0.5;0.9) 0.43 &(0.6;0.1) 0.44 &(0.6;0.3) 0.43 &(0.6;0.5) 0.43 &(0.6;0.7) 0.43 &(0.6;0.9) 0.43\\ 
SonyAIBORobotSurface1(9) &(0.1;0.1) 0.43 &(0.1;0.3) 0.43 &(0.1;0.5) 0.43 &(0.1;0.7) 0.43 &(0.1;0.9) 0.43 &(0.2;0.1) 0.44 &(0.2;0.3) 0.43 &(0.2;0.5) 0.43 &(0.2;0.7) 0.43 &(0.2;0.9) 0.43 &(0.3;0.1) 0.43 &(0.3;0.3) 0.43 &(0.3;0.5) 0.43 &(0.3;0.7) 0.43 &(0.3;0.9) 0.43 &(0.4;0.1) 0.44 &(0.4;0.3) 0.43 &(0.4;0.5) 0.43 &(0.4;0.7) 0.43 &(0.4;0.9) 0.43 &(0.5;0.1) 0.43 &(0.5;0.3) 0.43 &(0.5;0.5) 0.43 &(0.5;0.7) 0.43 &(0.5;0.9) 0.43 &(0.6;0.1) 0.43 &(0.6;0.3) 0.43 &(0.6;0.5) 0.43 &(0.6;0.7) 0.43 &(0.6;0.9) 0.43\\ 
SonyAIBORobotSurface1(11) &(0.1;0.1) 0.43 &(0.1;0.3) 0.43 &(0.1;0.5) 0.43 &(0.1;0.7) 0.43 &(0.1;0.9) 0.43 &(0.2;0.1) 0.43 &(0.2;0.3) 0.43 &(0.2;0.5) 0.43 &(0.2;0.7) 0.43 &(0.2;0.9) 0.43 &(0.3;0.1) 0.43 &(0.3;0.3) 0.43 &(0.3;0.5) 0.43 &(0.3;0.7) 0.43 &(0.3;0.9) 0.43 &(0.4;0.1) 0.43 &(0.4;0.3) 0.43 &(0.4;0.5) 0.43 &(0.4;0.7) 0.43 &(0.4;0.9) 0.43 &(0.5;0.1) 0.43 &(0.5;0.3) 0.43 &(0.5;0.5) 0.43 &(0.5;0.7) 0.43 &(0.5;0.9) 0.43 &(0.6;0.1) 0.43 &(0.6;0.3) 0.43 &(0.6;0.5) 0.43 &(0.6;0.7) 0.43 &(0.6;0.9) 0.43\\ 
SonyAIBORobotSurface1(13) &(0.1;0.1) 0.43 &(0.1;0.3) 0.43 &(0.1;0.5) 0.43 &(0.1;0.7) 0.43 &(0.1;0.9) 0.43 &(0.2;0.1) 0.43 &(0.2;0.3) 0.43 &(0.2;0.5) 0.43 &(0.2;0.7) 0.43 &(0.2;0.9) 0.43 &(0.3;0.1) 0.43 &(0.3;0.3) 0.43 &(0.3;0.5) 0.43 &(0.3;0.7) 0.43 &(0.3;0.9) 0.43 &(0.4;0.1) 0.43 &(0.4;0.3) 0.43 &(0.4;0.5) 0.43 &(0.4;0.7) 0.43 &(0.4;0.9) 0.43 &(0.5;0.1) 0.43 &(0.5;0.3) 0.43 &(0.5;0.5) 0.43 &(0.5;0.7) 0.43 &(0.5;0.9) 0.43 &(0.6;0.1) 0.43 &(0.6;0.3) 0.43 &(0.6;0.5) 0.43 &(0.6;0.7) 0.43 &(0.6;0.9) 0.43\\ 
SonyAIBORobotSurface1 best result: 0.7271214642262895 
SonyAIBORobotSurface2(1) &(0.1;0.1) 0.86 &(0.1;0.3) 0.86 &(0.1;0.5) 0.87 &(0.1;0.7) 0.86 &(0.1;0.9) 0.85 &(0.2;0.1) 0.86 &(0.2;0.3) 0.85 &(0.2;0.5) 0.86 &(0.2;0.7) 0.86 &(0.2;0.9) 0.85 &(0.3;0.1) 0.86 &(0.3;0.3) 0.85 &(0.3;0.5) 0.86 &(0.3;0.7) 0.85 &(0.3;0.9) 0.85 &(0.4;0.1) 0.87 &(0.4;0.3) 0.85 &(0.4;0.5) 0.86 &(0.4;0.7) 0.84 &(0.4;0.9) 0.84 &(0.5;0.1) 0.87 &(0.5;0.3) 0.85 &(0.5;0.5) 0.85 &(0.5;0.7) 0.85 &(0.5;0.9) 0.84 &(0.6;0.1) 0.86 &(0.6;0.3) 0.86 &(0.6;0.5) 0.85 &(0.6;0.7) 0.84 &(0.6;0.9) 0.84\\ 
SonyAIBORobotSurface2(3) &(0.1;0.1) 0.81 &(0.1;0.3) 0.8 &(0.1;0.5) 0.8 &(0.1;0.7) 0.8 &(0.1;0.9) 0.79 &(0.2;0.1) 0.8 &(0.2;0.3) 0.8 &(0.2;0.5) 0.8 &(0.2;0.7) 0.8 &(0.2;0.9) 0.79 &(0.3;0.1) 0.81 &(0.3;0.3) 0.8 &(0.3;0.5) 0.8 &(0.3;0.7) 0.8 &(0.3;0.9) 0.8 &(0.4;0.1) 0.81 &(0.4;0.3) 0.8 &(0.4;0.5) 0.8 &(0.4;0.7) 0.79 &(0.4;0.9) 0.8 &(0.5;0.1) 0.86 &(0.5;0.3) 0.8 &(0.5;0.5) 0.79 &(0.5;0.7) 0.8 &(0.5;0.9) 0.8 &(0.6;0.1) 0.86 &(0.6;0.3) 0.82 &(0.6;0.5) 0.79 &(0.6;0.7) 0.79 &(0.6;0.9) 0.8\\ 
SonyAIBORobotSurface2(5) &(0.1;0.1) 0.78 &(0.1;0.3) 0.78 &(0.1;0.5) 0.78 &(0.1;0.7) 0.77 &(0.1;0.9) 0.76 &(0.2;0.1) 0.8 &(0.2;0.3) 0.78 &(0.2;0.5) 0.78 &(0.2;0.7) 0.78 &(0.2;0.9) 0.76 &(0.3;0.1) 0.81 &(0.3;0.3) 0.78 &(0.3;0.5) 0.78 &(0.3;0.7) 0.77 &(0.3;0.9) 0.77 &(0.4;0.1) 0.82 &(0.4;0.3) 0.79 &(0.4;0.5) 0.78 &(0.4;0.7) 0.77 
SonyAIBORobotSurface1 best result: 0.87
ToeSegmentation2(1) &(0.1;0.1) 0.91 &(0.1;0.3) 0.88 &(0.1;0.5) 0.85 &(0.1;0.7) 0.82 &(0.1;0.9) 0.8 &(0.2;0.1) 0.92 &(0.2;0.3) 0.92 &(0.2;0.5) 0.87 &(0.2;0.7) 0.83 &(0.2;0.9) 0.81 &(0.3;0.1) 0.93 &(0.3;0.3) 0.93 &(0.3;0.5) 0.88 &(0.3;0.7) 0.83 &(0.3;0.9) 0.81 &(0.4;0.1) 0.91 &(0.4;0.3) 0.93 &(0.4;0.5) 0.88 &(0.4;0.7) 0.84 &(0.4;0.9) 0.83 &(0.5;0.1) 0.88 &(0.5;0.3) 0.92 &(0.5;0.5) 0.9 &(0.5;0.7) 0.85 &(0.5;0.9) 0.85 &(0.6;0.1) 0.89 &(0.6;0.3) 0.92 &(0.6;0.5) 0.9 &(0.6;0.7) 0.85 &(0.6;0.9) 0.85\\ 
ToeSegmentation2(3) &(0.1;0.1) 0.88 &(0.1;0.3) 0.91 &(0.1;0.5) 0.89 &(0.1;0.7) 0.9 &(0.1;0.9) 0.82 &(0.2;0.1) 0.88 &(0.2;0.3) 0.92 &(0.2;0.5) 0.9 &(0.2;0.7) 0.89 &(0.2;0.9) 0.83 &(0.3;0.1) 0.91 &(0.3;0.3) 0.92 &(0.3;0.5) 0.9 &(0.3;0.7) 0.9 &(0.3;0.9) 0.85 &(0.4;0.1) 0.92 &(0.4;0.3) 0.92 &(0.4;0.5) 0.91 &(0.4;0.7) 0.88 &(0.4;0.9) 0.85 &(0.5;0.1) 0.9 &(0.5;0.3) 0.92 &(0.5;0.5) 0.92 &(0.5;0.7) 0.88 &(0.5;0.9) 0.84 &(0.6;0.1) 0.86 &(0.6;0.3) 0.92 &(0.6;0.5) 0.91 &(0.6;0.7) 0.85 &(0.6;0.9) 0.85\\ 
ToeSegmentation2(5) &(0.1;0.1) 0.88 &(0.1;0.3) 0.94 &(0.1;0.5) 0.92 &(0.1;0.7) 0.92 &(0.1;0.9) 0.83 &(0.2;0.1) 0.92 &(0.2;0.3) 0.94 &(0.2;0.5) 0.91 &(0.2;0.7) 0.92 &(0.2;0.9) 0.82 &(0.3;0.1) 0.91 &(0.3;0.3) 0.92 &(0.3;0.5) 0.89 &(0.3;0.7) 0.91 &(0.3;0.9) 0.83 &(0.4;0.1) 0.9 &(0.4;0.3) 0.93 &(0.4;0.5) 0.91 &(0.4;0.7) 0.92 &(0.4;0.9) 0.82 &(0.5;0.1) 0.86 &(0.5;0.3) 0.93 &(0.5;0.5) 0.91 &(0.5;0.7) 0.9 &(0.5;0.9) 0.82 &(0.6;0.1) 0.85 &(0.6;0.3) 0.92 &(0.6;0.5) 0.9 &(0.6;0.7) 0.89 &(0.6;0.9) 0.82\\ 
ToeSegmentation2(7) &(0.1;0.1) 0.91 &(0.1;0.3) 0.9 &(0.1;0.5) 0.91 &(0.1;0.7) 0.9 &(0.1;0.9) 0.83 &(0.2;0.1) 0.88 &(0.2;0.3) 0.92 &(0.2;0.5) 0.92 &(0.2;0.7) 0.9 &(0.2;0.9) 0.82 &(0.3;0.1) 0.88 &(0.3;0.3) 0.95 &(0.3;0.5) 0.88 &(0.3;0.7) 0.92 &(0.3;0.9) 0.82 &(0.4;0.1) 0.87 &(0.4;0.3) 0.91 &(0.4;0.5) 0.94 &(0.4;0.7) 0.91 &(0.4;0.9) 0.81 &(0.5;0.1) 0.85 &(0.5;0.3) 0.92 &(0.5;0.5) 0.9 &(0.5;0.7) 0.92 &(0.5;0.9) 0.84 &(0.6;0.1) 0.82 &(0.6;0.3) 0.91 &(0.6;0.5) 0.9 &(0.6;0.7) 0.9 &(0.6;0.9) 0.85\\ 
ToeSegmentation2(9) &(0.1;0.1) 0.86 &(0.1;0.3) 0.91 &(0.1;0.5) 0.92 &(0.1;0.7) 0.88 &(0.1;0.9) 0.83 &(0.2;0.1) 0.88 &(0.2;0.3) 0.88 &(0.2;0.5) 0.91 &(0.2;0.7) 0.88 &(0.2;0.9) 0.82 &(0.3;0.1) 0.89 &(0.3;0.3) 0.94 &(0.3;0.5) 0.89 &(0.3;0.7) 0.9 &(0.3;0.9) 0.83 &(0.4;0.1) 0.88 &(0.4;0.3) 0.88 &(0.4;0.5) 0.92 &(0.4;0.7) 0.9 &(0.4;0.9) 0.84 &(0.5;0.1) 0.85 &(0.5;0.3) 0.88 &(0.5;0.5) 0.91 &(0.5;0.7) 0.91 &(0.5;0.9) 0.86 &(0.6;0.1) 0.81 &(0.6;0.3) 0.88 &(0.6;0.5) 0.91 &(0.6;0.7) 0.92 &(0.6;0.9) 0.85\\ 
ToeSegmentation2(11) &(0.1;0.1) 0.8 &(0.1;0.3) 0.79 &(0.1;0.5) 0.81 &(0.1;0.7) 0.86 &(0.1;0.9) 0.83 &(0.2;0.1) 0.87 &(0.2;0.3) 0.88 &(0.2;0.5) 0.87 &(0.2;0.7) 0.87 &(0.2;0.9) 0.83 &(0.3;0.1) 0.88 &(0.3;0.3) 0.93 &(0.3;0.5) 0.9 &(0.3;0.7) 0.91 &(0.3;0.9) 0.83 &(0.4;0.1) 0.87 &(0.4;0.3) 0.9 &(0.4;0.5) 0.92 &(0.4;0.7) 0.91 &(0.4;0.9) 0.81 &(0.5;0.1) 0.85 &(0.5;0.3) 0.9 &(0.5;0.5) 0.92 &(0.5;0.7) 0.89 &(0.5;0.9) 0.81 &(0.6;0.1) 0.84 &(0.6;0.3) 0.88 &(0.6;0.5) 0.92 &(0.6;0.7) 0.89 &(0.6;0.9) 0.84\\ 
ToeSegmentation2(13) &(0.1;0.1) 0.81 &(0.1;0.3) 0.73 &(0.1;0.5) 0.73 &(0.1;0.7) 0.83 &(0.1;0.9) 0.8 &(0.2;0.1) 0.88 &(0.2;0.3) 0.88 &(0.2;0.5) 0.84 &(0.2;0.7) 0.85 &(0.2;0.9) 0.82 &(0.3;0.1) 0.92 &(0.3;0.3) 0.92 &(0.3;0.5) 0.88 &(0.3;0.7) 0.91 &(0.3;0.9) 0.82 &(0.4;0.1) 0.88 &(0.4;0.3) 0.91 &(0.4;0.5) 0.92 &(0.4;0.7) 0.89 &(0.4;0.9) 0.82 &(0.5;0.1) 0.85 &(0.5;0.3) 0.88 &(0.5;0.5) 0.91 &(0.5;0.7) 0.86 &(0.5;0.9) 0.82 &(0.6;0.1) 0.84 &(0.6;0.3) 0.88 &(0.6;0.5) 0.92 &(0.6;0.7) 0.88 &(0.6;0.9) 0.83\\ 
ToeSegmentation2 best result: 0.9461538461538461 

