BME(1) &(0.7;0.2) 0.89 &(0.7;0.4) 0.73 &(0.7;0.6) 0.66 &(0.7;0.8) 0.73 &(0.7;1) 0.83 &(0.8;0.2) 0.85 &(0.8;0.4) 0.73 &(0.8;0.6) 0.67 &(0.8;0.8) 0.74 &(0.8;1) 0.83 &(0.9;0.2) 0.85 &(0.9;0.4) 0.75 &(0.9;0.6) 0.67 &(0.9;0.8) 0.74 &(0.9;1) 0.83 &(1;0.2) 0.83 &(1;0.4) 0.73 &(1;0.6) 0.67 &(1;0.8) 0.74 &(1;1) 0.83\\ 
BME(3) &(0.7;0.2) 0.83 &(0.7;0.4) 0.7 &(0.7;0.6) 0.59 &(0.7;0.8) 0.66 &(0.7;1) 0.78 &(0.8;0.2) 0.76 &(0.8;0.4) 0.71 &(0.8;0.6) 0.58 &(0.8;0.8) 0.66 &(0.8;1) 0.78 &(0.9;0.2) 0.75 &(0.9;0.4) 0.71 &(0.9;0.6) 0.58 &(0.9;0.8) 0.65 &(0.9;1) 0.78 &(1;0.2) 0.73 &(1;0.4) 0.7 &(1;0.6) 0.58 &(1;0.8) 0.65 &(1;1) 0.78\\ 
BME(5) &(0.7;0.2) 0.81 &(0.7;0.4) 0.68 &(0.7;0.6) 0.64 &(0.7;0.8) 0.65 &(0.7;1) 0.73 &(0.8;0.2) 0.77 &(0.8;0.4) 0.67 &(0.8;0.6) 0.63 &(0.8;0.8) 0.65 &(0.8;1) 0.73 &(0.9;0.2) 0.73 &(0.9;0.4) 0.65 &(0.9;0.6) 0.62 &(0.9;0.8) 0.66 &(0.9;1) 0.73 &(1;0.2) 0.7 &(1;0.4) 0.64 &(1;0.6) 0.63 &(1;0.8) 0.66 &(1;1) 0.73\\ 
BME(7) &(0.7;0.2) 0.68 &(0.7;0.4) 0.68 &(0.7;0.6) 0.58 &(0.7;0.8) 0.59 &(0.7;1) 0.61 &(0.8;0.2) 0.72 &(0.8;0.4) 0.64 &(0.8;0.6) 0.59 &(0.8;0.8) 0.59 &(0.8;1) 0.61 &(0.9;0.2) 0.73 &(0.9;0.4) 0.63 &(0.9;0.6) 0.59 &(0.9;0.8) 0.59 &(0.9;1) 0.61 &(1;0.2) 0.7 &(1;0.4) 0.61 &(1;0.6) 0.59 &(1;0.8) 0.59 &(1;1) 0.61\\ 
BME(9) &(0.7;0.2) 0.58 &(0.7;0.4) 0.55 &(0.7;0.6) 0.56 &(0.7;0.8) 0.58 &(0.7;1) 0.59 &(0.8;0.2) 0.59 &(0.8;0.4) 0.53 &(0.8;0.6) 0.56 &(0.8;0.8) 0.58 &(0.8;1) 0.59 &(0.9;0.2) 0.57 &(0.9;0.4) 0.51 &(0.9;0.6) 0.55 &(0.9;0.8) 0.58 &(0.9;1) 0.59 &(1;0.2) 0.6 &(1;0.4) 0.51 &(1;0.6) 0.55 &(1;0.8) 0.58 &(1;1) 0.59\\ 
BME(11) &(0.7;0.2) 0.56 &(0.7;0.4) 0.5 &(0.7;0.6) 0.48 &(0.7;0.8) 0.55 &(0.7;1) 0.62 &(0.8;0.2) 0.53 &(0.8;0.4) 0.48 &(0.8;0.6) 0.47 &(0.8;0.8) 0.55 &(0.8;1) 0.62 &(0.9;0.2) 0.49 &(0.9;0.4) 0.48 &(0.9;0.6) 0.47 &(0.9;0.8) 0.55 &(0.9;1) 0.62 &(1;0.2) 0.48 &(1;0.4) 0.48 &(1;0.6) 0.47 &(1;0.8) 0.55 &(1;1) 0.62\\ 
BME(13) &(0.7;0.2) 0.47 &(0.7;0.4) 0.47 &(0.7;0.6) 0.47 &(0.7;0.8) 0.47 &(0.7;1) 0.59 &(0.8;0.2) 0.47 &(0.8;0.4) 0.47 &(0.8;0.6) 0.47 &(0.8;0.8) 0.47 &(0.8;1) 0.59 &(0.9;0.2) 0.47 &(0.9;0.4) 0.47 &(0.9;0.6) 0.47 &(0.9;0.8) 0.47 &(0.9;1) 0.59 &(1;0.2) 0.47 &(1;0.4) 0.47 &(1;0.6) 0.47 &(1;0.8) 0.47 &(1;1) 0.59\\ 
BME best result: 0.8866666666666667 
BME(1) &(0.1;0.1) 0.9 &(0.1;0.3) 0.69 &(0.1;0.5) 0.61 &(0.1;0.7) 0.6 &(0.1;0.9) 0.87 &(0.2;0.1) 0.91 &(0.2;0.3) 0.7 &(0.2;0.5) 0.65 &(0.2;0.7) 0.63 &(0.2;0.9) 0.87 &(0.3;0.1) 0.91 &(0.3;0.3) 0.71 &(0.3;0.5) 0.69 &(0.3;0.7) 0.64 &(0.3;0.9) 0.88 &(0.4;0.1) 0.93 &(0.4;0.3) 0.73 &(0.4;0.5) 0.67 &(0.4;0.7) 0.66 &(0.4;0.9) 0.88 &(0.5;0.1) 0.95 &(0.5;0.3) 0.73 &(0.5;0.5) 0.66 &(0.5;0.7) 0.66 &(0.5;0.9) 0.88 &(0.6;0.1) 0.92 &(0.6;0.3) 0.76 &(0.6;0.5) 0.66 &(0.6;0.7) 0.67 &(0.6;0.9) 0.88\\ 
BME(3) &(0.1;0.1) 0.84 &(0.1;0.3) 0.64 &(0.1;0.5) 0.61 &(0.1;0.7) 0.62 &(0.1;0.9) 0.87 &(0.2;0.1) 0.89 &(0.2;0.3) 0.67 &(0.2;0.5) 0.62 &(0.2;0.7) 0.61 &(0.2;0.9) 0.87 &(0.3;0.1) 0.89 &(0.3;0.3) 0.69 &(0.3;0.5) 0.62 &(0.3;0.7) 0.61 &(0.3;0.9) 0.87 &(0.4;0.1) 0.9 &(0.4;0.3) 0.7 &(0.4;0.5) 0.62 &(0.4;0.7) 0.61 &(0.4;0.9) 0.87 &(0.5;0.1) 0.93 &(0.5;0.3) 0.71 &(0.5;0.5) 0.62 &(0.5;0.7) 0.61 &(0.5;0.9) 0.89 &(0.6;0.1) 0.83 &(0.6;0.3) 0.72 &(0.6;0.5) 0.63 &(0.6;0.7) 0.61 &(0.6;0.9) 0.9\\ 
BME(5) &(0.1;0.1) 0.79 &(0.1;0.3) 0.67 &(0.1;0.5) 0.63 &(0.1;0.7) 0.62 &(0.1;0.9) 0.79 &(0.2;0.1) 0.79 &(0.2;0.3) 0.71 &(0.2;0.5) 0.65 &(0.2;0.7) 0.62 &(0.2;0.9) 0.79 &(0.3;0.1) 0.79 &(0.3;0.3) 0.71 &(0.3;0.5) 0.69 &(0.3;0.7) 0.62 &(0.3;0.9) 0.8 &(0.4;0.1) 0.85 &(0.4;0.3) 0.7 &(0.4;0.5) 0.66 &(0.4;0.7) 0.62 &(0.4;0.9) 0.81 &(0.5;0.1) 0.94 &(0.5;0.3) 0.69 &(0.5;0.5) 0.67 &(0.5;0.7) 0.63 &(0.5;0.9) 0.81 &(0.6;0.1) 0.77 &(0.6;0.3) 0.7 &(0.6;0.5) 0.67 &(0.6;0.7) 0.63 &(0.6;0.9) 0.81\\ 
BME(7) &(0.1;0.1) 0.63 &(0.1;0.3) 0.66 &(0.1;0.5) 0.61 &(0.1;0.7) 0.57 &(0.1;0.9) 0.68 &(0.2;0.1) 0.68 &(0.2;0.3) 0.67 &(0.2;0.5) 0.61 &(0.2;0.7) 0.59 &(0.2;0.9) 0.68 &(0.3;0.1) 0.72 &(0.3;0.3) 0.66 &(0.3;0.5) 0.62 &(0.3;0.7) 0.59 &(0.3;0.9) 0.68 &(0.4;0.1) 0.73 &(0.4;0.3) 0.65 &(0.4;0.5) 0.63 &(0.4;0.7) 0.59 &(0.4;0.9) 0.67 &(0.5;0.1) 0.77 &(0.5;0.3) 0.66 &(0.5;0.5) 0.62 &(0.5;0.7) 0.6 &(0.5;0.9) 0.67 &(0.6;0.1) 0.85 &(0.6;0.3) 0.67 &(0.6;0.5) 0.62 &(0.6;0.7) 0.6 &(0.6;0.9) 0.67\\ 
BME(9) &(0.1;0.1) 0.63 &(0.1;0.3) 0.55 &(0.1;0.5) 0.51 &(0.1;0.7) 0.54 &(0.1;0.9) 0.62 &(0.2;0.1) 0.63 &(0.2;0.3) 0.55 &(0.2;0.5) 0.52 &(0.2;0.7) 0.54 &(0.2;0.9) 0.62 &(0.3;0.1) 0.61 &(0.3;0.3) 0.55 &(0.3;0.5) 0.53 &(0.3;0.7) 0.54 &(0.3;0.9) 0.62 &(0.4;0.1) 0.62 &(0.4;0.3) 0.55 &(0.4;0.5) 0.53 &(0.4;0.7) 0.55 &(0.4;0.9) 0.62 &(0.5;0.1) 0.63 &(0.5;0.3) 0.55 &(0.5;0.5) 0.53 &(0.5;0.7) 0.55 &(0.5;0.9) 0.62 &(0.6;0.1) 0.74 &(0.6;0.3) 0.55 &(0.6;0.5) 0.53 &(0.6;0.7) 0.55 &(0.6;0.9) 0.62\\ 
BME(11) &(0.1;0.1) 0.64 &(0.1;0.3) 0.55 &(0.1;0.5) 0.51 &(0.1;0.7) 0.53 &(0.1;0.9) 0.64 &(0.2;0.1) 0.64 &(0.2;0.3) 0.55 &(0.2;0.5) 0.49 &(0.2;0.7) 0.51 &(0.2;0.9) 0.64 &(0.3;0.1) 0.64 &(0.3;0.3) 0.54 &(0.3;0.5) 0.49 &(0.3;0.7) 0.51 &(0.3;0.9) 0.64 &(0.4;0.1) 0.64 &(0.4;0.3) 0.54 &(0.4;0.5) 0.49 &(0.4;0.7) 0.51 &(0.4;0.9) 0.63 &(0.5;0.1) 0.62 &(0.5;0.3) 0.53 &(0.5;0.5) 0.49 &(0.5;0.7) 0.51 &(0.5;0.9) 0.63 &(0.6;0.1) 0.61 &(0.6;0.3) 0.53 &(0.6;0.5) 0.49 &(0.6;0.7) 0.51 &(0.6;0.9) 0.63\\ 
BME(13) &(0.1;0.1) 0.62 &(0.1;0.3) 0.51 &(0.1;0.5) 0.47 &(0.1;0.7) 0.47 &(0.1;0.9) 0.51 &(0.2;0.1) 0.62 &(0.2;0.3) 0.49 &(0.2;0.5) 0.46 &(0.2;0.7) 0.47 &(0.2;0.9) 0.51 &(0.3;0.1) 0.61 &(0.3;0.3) 0.48 &(0.3;0.5) 0.46 &(0.3;0.7) 0.47 &(0.3;0.9) 0.51 &(0.4;0.1) 0.57 &(0.4;0.3) 0.47 &(0.4;0.5) 0.46 &(0.4;0.7) 0.47 &(0.4;0.9) 0.51 &(0.5;0.1) 0.5 &(0.5;0.3) 0.47 &(0.5;0.5) 0.46 &(0.5;0.7) 0.47 &(0.5;0.9) 0.51 &(0.6;0.1) 0.5 &(0.6;0.3) 0.47 &(0.6;0.5) 0.46 &(0.6;0.7) 0.47 &(0.6;0.9) 0.51\\ 
BME best result: 0.9466666666666667 

