BME(1) &(0.7;0.2) 0.89 &(0.7;0.4) 0.73 &(0.7;0.6) 0.66 &(0.7;0.8) 0.73 &(0.7;1) 0.83 &(0.8;0.2) 0.85 &(0.8;0.4) 0.73 &(0.8;0.6) 0.67 &(0.8;0.8) 0.74 &(0.8;1) 0.83 &(0.9;0.2) 0.85 &(0.9;0.4) 0.75 &(0.9;0.6) 0.67 &(0.9;0.8) 0.74 &(0.9;1) 0.83 &(1;0.2) 0.83 &(1;0.4) 0.73 &(1;0.6) 0.67 &(1;0.8) 0.74 &(1;1) 0.83\\ 
BME(3) &(0.7;0.2) 0.83 &(0.7;0.4) 0.7 &(0.7;0.6) 0.59 &(0.7;0.8) 0.66 &(0.7;1) 0.78 &(0.8;0.2) 0.76 &(0.8;0.4) 0.71 &(0.8;0.6) 0.58 &(0.8;0.8) 0.66 &(0.8;1) 0.78 &(0.9;0.2) 0.75 &(0.9;0.4) 0.71 &(0.9;0.6) 0.58 &(0.9;0.8) 0.65 &(0.9;1) 0.78 &(1;0.2) 0.73 &(1;0.4) 0.7 &(1;0.6) 0.58 &(1;0.8) 0.65 &(1;1) 0.78\\ 
BME(5) &(0.7;0.2) 0.81 &(0.7;0.4) 0.68 &(0.7;0.6) 0.64 &(0.7;0.8) 0.65 &(0.7;1) 0.73 &(0.8;0.2) 0.77 &(0.8;0.4) 0.67 &(0.8;0.6) 0.63 &(0.8;0.8) 0.65 &(0.8;1) 0.73 &(0.9;0.2) 0.73 &(0.9;0.4) 0.65 &(0.9;0.6) 0.62 &(0.9;0.8) 0.66 &(0.9;1) 0.73 &(1;0.2) 0.7 &(1;0.4) 0.64 &(1;0.6) 0.63 &(1;0.8) 0.66 &(1;1) 0.73\\ 
BME(7) &(0.7;0.2) 0.68 &(0.7;0.4) 0.68 &(0.7;0.6) 0.58 &(0.7;0.8) 0.59 &(0.7;1) 0.61 &(0.8;0.2) 0.72 &(0.8;0.4) 0.64 &(0.8;0.6) 0.59 &(0.8;0.8) 0.59 &(0.8;1) 0.61 &(0.9;0.2) 0.73 &(0.9;0.4) 0.63 &(0.9;0.6) 0.59 &(0.9;0.8) 0.59 &(0.9;1) 0.61 &(1;0.2) 0.7 &(1;0.4) 0.61 &(1;0.6) 0.59 &(1;0.8) 0.59 &(1;1) 0.61\\ 
BME(9) &(0.7;0.2) 0.58 &(0.7;0.4) 0.55 &(0.7;0.6) 0.56 &(0.7;0.8) 0.58 &(0.7;1) 0.59 &(0.8;0.2) 0.59 &(0.8;0.4) 0.53 &(0.8;0.6) 0.56 &(0.8;0.8) 0.58 &(0.8;1) 0.59 &(0.9;0.2) 0.57 &(0.9;0.4) 0.51 &(0.9;0.6) 0.55 &(0.9;0.8) 0.58 &(0.9;1) 0.59 &(1;0.2) 0.6 &(1;0.4) 0.51 &(1;0.6) 0.55 &(1;0.8) 0.58 &(1;1) 0.59\\ 
BME(11) &(0.7;0.2) 0.56 &(0.7;0.4) 0.5 &(0.7;0.6) 0.48 &(0.7;0.8) 0.55 &(0.7;1) 0.62 &(0.8;0.2) 0.53 &(0.8;0.4) 0.48 &(0.8;0.6) 0.47 &(0.8;0.8) 0.55 &(0.8;1) 0.62 &(0.9;0.2) 0.49 &(0.9;0.4) 0.48 &(0.9;0.6) 0.47 &(0.9;0.8) 0.55 &(0.9;1) 0.62 &(1;0.2) 0.48 &(1;0.4) 0.48 &(1;0.6) 0.47 &(1;0.8) 0.55 &(1;1) 0.62\\ 
BME(13) &(0.7;0.2) 0.47 &(0.7;0.4) 0.47 &(0.7;0.6) 0.47 &(0.7;0.8) 0.47 &(0.7;1) 0.59 &(0.8;0.2) 0.47 &(0.8;0.4) 0.47 &(0.8;0.6) 0.47 &(0.8;0.8) 0.47 &(0.8;1) 0.59 &(0.9;0.2) 0.47 &(0.9;0.4) 0.47 &(0.9;0.6) 0.47 &(0.9;0.8) 0.47 &(0.9;1) 0.59 &(1;0.2) 0.47 &(1;0.4) 0.47 &(1;0.6) 0.47 &(1;0.8) 0.47 &(1;1) 0.59\\ 
BME(1) &(0.1;0.1) 0.9 &(0.1;0.3) 0.69 &(0.1;0.5) 0.61 &(0.1;0.7) 0.6 &(0.1;0.9) 0.87 &(0.2;0.1) 0.91 &(0.2;0.3) 0.7 &(0.2;0.5) 0.65 &(0.2;0.7) 0.63 &(0.2;0.9) 0.87 &(0.3;0.1) 0.91 &(0.3;0.3) 0.71 &(0.3;0.5) 0.69 &(0.3;0.7) 0.64 &(0.3;0.9) 0.88 &(0.4;0.1) 0.93 &(0.4;0.3) 0.73 &(0.4;0.5) 0.67 &(0.4;0.7) 0.66 &(0.4;0.9) 0.88 &(0.5;0.1) 0.95 &(0.5;0.3) 0.73 &(0.5;0.5) 0.66 &(0.5;0.7) 0.66 &(0.5;0.9) 0.88 &(0.6;0.1) 0.92 &(0.6;0.3) 0.76 &(0.6;0.5) 0.66 &(0.6;0.7) 0.67 &(0.6;0.9) 0.88\\ 
BME(3) &(0.1;0.1) 0.84 &(0.1;0.3) 0.64 &(0.1;0.5) 0.61 &(0.1;0.7) 0.62 &(0.1;0.9) 0.87 &(0.2;0.1) 0.89 &(0.2;0.3) 0.67 &(0.2;0.5) 0.62 &(0.2;0.7) 0.61 &(0.2;0.9) 0.87 &(0.3;0.1) 0.89 &(0.3;0.3) 0.69 &(0.3;0.5) 0.62 &(0.3;0.7) 0.61 &(0.3;0.9) 0.87 &(0.4;0.1) 0.9 &(0.4;0.3) 0.7 &(0.4;0.5) 0.62 &(0.4;0.7) 0.61 &(0.4;0.9) 0.87 &(0.5;0.1) 0.93 &(0.5;0.3) 0.71 &(0.5;0.5) 0.62 &(0.5;0.7) 0.61 &(0.5;0.9) 0.89 &(0.6;0.1) 0.83 &(0.6;0.3) 0.72 &(0.6;0.5) 0.63 &(0.6;0.7) 0.61 &(0.6;0.9) 0.9\\ 
BME(5) &(0.1;0.1) 0.79 &(0.1;0.3) 0.67 &(0.1;0.5) 0.63 &(0.1;0.7) 0.62 &(0.1;0.9) 0.79 &(0.2;0.1) 0.79 &(0.2;0.3) 0.71 &(0.2;0.5) 0.65 &(0.2;0.7) 0.62 &(0.2;0.9) 0.79 &(0.3;0.1) 0.79 &(0.3;0.3) 0.71 &(0.3;0.5) 0.69 &(0.3;0.7) 0.62 &(0.3;0.9) 0.8 &(0.4;0.1) 0.85 &(0.4;0.3) 0.7 &(0.4;0.5) 0.66 &(0.4;0.7) 0.62 &(0.4;0.9) 0.81 &(0.5;0.1) 0.94 &(0.5;0.3) 0.69 &(0.5;0.5) 0.67 &(0.5;0.7) 0.63 &(0.5;0.9) 0.81 &(0.6;0.1) 0.77 &(0.6;0.3) 0.7 &(0.6;0.5) 0.67 &(0.6;0.7) 0.63 &(0.6;0.9) 0.81\\ 
BME(7) &(0.1;0.1) 0.63 &(0.1;0.3) 0.66 &(0.1;0.5) 0.61 &(0.1;0.7) 0.57 &(0.1;0.9) 0.68 &(0.2;0.1) 0.68 &(0.2;0.3) 0.67 &(0.2;0.5) 0.61 &(0.2;0.7) 0.59 &(0.2;0.9) 0.68 &(0.3;0.1) 0.72 &(0.3;0.3) 0.66 &(0.3;0.5) 0.62 &(0.3;0.7) 0.59 &(0.3;0.9) 0.68 &(0.4;0.1) 0.73 &(0.4;0.3) 0.65 &(0.4;0.5) 0.63 &(0.4;0.7) 0.59 &(0.4;0.9) 0.67 &(0.5;0.1) 0.77 &(0.5;0.3) 0.66 &(0.5;0.5) 0.62 &(0.5;0.7) 0.6 &(0.5;0.9) 0.67 &(0.6;0.1) 0.85 &(0.6;0.3) 0.67 &(0.6;0.5) 0.62 &(0.6;0.7) 0.6 &(0.6;0.9) 0.67\\ 
BME(9) &(0.1;0.1) 0.63 &(0.1;0.3) 0.55 &(0.1;0.5) 0.51 &(0.1;0.7) 0.54 &(0.1;0.9) 0.62 &(0.2;0.1) 0.63 &(0.2;0.3) 0.55 &(0.2;0.5) 0.52 &(0.2;0.7) 0.54 &(0.2;0.9) 0.62 &(0.3;0.1) 0.61 &(0.3;0.3) 0.55 &(0.3;0.5) 0.53 &(0.3;0.7) 0.54 &(0.3;0.9) 0.62 &(0.4;0.1) 0.62 &(0.4;0.3) 0.55 &(0.4;0.5) 0.53 &(0.4;0.7) 0.55 &(0.4;0.9) 0.62 &(0.5;0.1) 0.63 &(0.5;0.3) 0.55 &(0.5;0.5) 0.53 &(0.5;0.7) 0.55 &(0.5;0.9) 0.62 &(0.6;0.1) 0.74 &(0.6;0.3) 0.55 &(0.6;0.5) 0.53 &(0.6;0.7) 0.55 &(0.6;0.9) 0.62\\ 
BME(11) &(0.1;0.1) 0.64 &(0.1;0.3) 0.55 &(0.1;0.5) 0.51 &(0.1;0.7) 0.53 &(0.1;0.9) 0.64 &(0.2;0.1) 0.64 &(0.2;0.3) 0.55 &(0.2;0.5) 0.49 &(0.2;0.7) 0.51 &(0.2;0.9) 0.64 &(0.3;0.1) 0.64 &(0.3;0.3) 0.54 &(0.3;0.5) 0.49 &(0.3;0.7) 0.51 &(0.3;0.9) 0.64 &(0.4;0.1) 0.64 &(0.4;0.3) 0.54 &(0.4;0.5) 0.49 &(0.4;0.7) 0.51 &(0.4;0.9) 0.63 &(0.5;0.1) 0.62 &(0.5;0.3) 0.53 &(0.5;0.5) 0.49 &(0.5;0.7) 0.51 &(0.5;0.9) 0.63 &(0.6;0.1) 0.61 &(0.6;0.3) 0.53 &(0.6;0.5) 0.49 &(0.6;0.7) 0.51 &(0.6;0.9) 0.63\\ 
BME(13) &(0.1;0.1) 0.62 &(0.1;0.3) 0.51 &(0.1;0.5) 0.47 &(0.1;0.7) 0.47 &(0.1;0.9) 0.51 &(0.2;0.1) 0.62 &(0.2;0.3) 0.49 &(0.2;0.5) 0.46 &(0.2;0.7) 0.47 &(0.2;0.9) 0.51 &(0.3;0.1) 0.61 &(0.3;0.3) 0.48 &(0.3;0.5) 0.46 &(0.3;0.7) 0.47 &(0.3;0.9) 0.51 &(0.4;0.1) 0.57 &(0.4;0.3) 0.47 &(0.4;0.5) 0.46 &(0.4;0.7) 0.47 &(0.4;0.9) 0.51 &(0.5;0.1) 0.5 &(0.5;0.3) 0.47 &(0.5;0.5) 0.46 &(0.5;0.7) 0.47 &(0.5;0.9) 0.51 &(0.6;0.1) 0.5 &(0.6;0.3) 0.47 &(0.6;0.5) 0.46 &(0.6;0.7) 0.47 &(0.6;0.9) 0.51\\ 
BME(1) &(0.1;0.2) 0.81 &(0.1;0.4) 0.63 &(0.1;0.6) 0.59 &(0.1;0.8) 0.69 &(0.1;1) 0.83 &(0.2;0.2) 0.83 &(0.2;0.4) 0.7 &(0.2;0.6) 0.63 &(0.2;0.8) 0.69 &(0.2;1) 0.83 &(0.3;0.2) 0.83 &(0.3;0.4) 0.7 &(0.3;0.6) 0.66 &(0.3;0.8) 0.7 &(0.3;1) 0.83 &(0.4;0.2) 0.83 &(0.4;0.4) 0.69 &(0.4;0.6) 0.66 &(0.4;0.8) 0.71 &(0.4;1) 0.83 &(0.5;0.2) 0.86 &(0.5;0.4) 0.7 &(0.5;0.6) 0.66 &(0.5;0.8) 0.71 &(0.5;1) 0.83 &(0.6;0.2) 0.89 &(0.6;0.4) 0.69 &(0.6;0.6) 0.66 &(0.6;0.8) 0.73 &(0.6;1) 0.83\\ 
BME(3) &(0.1;0.2) 0.76 &(0.1;0.4) 0.63 &(0.1;0.6) 0.61 &(0.1;0.8) 0.66 &(0.1;1) 0.78 &(0.2;0.2) 0.78 &(0.2;0.4) 0.67 &(0.2;0.6) 0.61 &(0.2;0.8) 0.67 &(0.2;1) 0.78 &(0.3;0.2) 0.78 &(0.3;0.4) 0.65 &(0.3;0.6) 0.63 &(0.3;0.8) 0.66 &(0.3;1) 0.78 &(0.4;0.2) 0.78 &(0.4;0.4) 0.67 &(0.4;0.6) 0.6 &(0.4;0.8) 0.66 &(0.4;1) 0.78 &(0.5;0.2) 0.83 &(0.5;0.4) 0.68 &(0.5;0.6) 0.59 &(0.5;0.8) 0.66 &(0.5;1) 0.78 &(0.6;0.2) 0.84 &(0.6;0.4) 0.68 &(0.6;0.6) 0.59 &(0.6;0.8) 0.66 &(0.6;1) 0.78\\ 
BME(5) &(0.1;0.2) 0.73 &(0.1;0.4) 0.61 &(0.1;0.6) 0.62 &(0.1;0.8) 0.65 &(0.1;1) 0.73 &(0.2;0.2) 0.75 &(0.2;0.4) 0.67 &(0.2;0.6) 0.61 &(0.2;0.8) 0.65 &(0.2;1) 0.73 &(0.3;0.2) 0.75 &(0.3;0.4) 0.69 &(0.3;0.6) 0.63 &(0.3;0.8) 0.64 &(0.3;1) 0.73 &(0.4;0.2) 0.76 &(0.4;0.4) 0.67 &(0.4;0.6) 0.63 &(0.4;0.8) 0.64 &(0.4;1) 0.73 &(0.5;0.2) 0.78 &(0.5;0.4) 0.67 &(0.5;0.6) 0.63 &(0.5;0.8) 0.64 &(0.5;1) 0.73 &(0.6;0.2) 0.83 &(0.6;0.4) 0.67 &(0.6;0.6) 0.64 &(0.6;0.8) 0.65 &(0.6;1) 0.73\\ 
BME(7) &(0.1;0.2) 0.63 &(0.1;0.4) 0.63 &(0.1;0.6) 0.59 &(0.1;0.8) 0.61 &(0.1;1) 0.61 &(0.2;0.2) 0.63 &(0.2;0.4) 0.67 &(0.2;0.6) 0.6 &(0.2;0.8) 0.59 &(0.2;1) 0.61 &(0.3;0.2) 0.67 &(0.3;0.4) 0.66 &(0.3;0.6) 0.6 &(0.3;0.8) 0.59 &(0.3;1) 0.61 &(0.4;0.2) 0.69 &(0.4;0.4) 0.67 &(0.4;0.6) 0.58 &(0.4;0.8) 0.59 &(0.4;1) 0.61 &(0.5;0.2) 0.69 &(0.5;0.4) 0.66 &(0.5;0.6) 0.58 &(0.5;0.8) 0.59 &(0.5;1) 0.61 &(0.6;0.2) 0.69 &(0.6;0.4) 0.67 &(0.6;0.6) 0.58 &(0.6;0.8) 0.59 &(0.6;1) 0.61\\ 
BME(9) &(0.1;0.2) 0.59 &(0.1;0.4) 0.53 &(0.1;0.6) 0.51 &(0.1;0.8) 0.57 &(0.1;1) 0.59 &(0.2;0.2) 0.59 &(0.2;0.4) 0.55 &(0.2;0.6) 0.54 &(0.2;0.8) 0.57 &(0.2;1) 0.59 &(0.3;0.2) 0.59 &(0.3;0.4) 0.55 &(0.3;0.6) 0.55 &(0.3;0.8) 0.57 &(0.3;1) 0.59 &(0.4;0.2) 0.58 &(0.4;0.4) 0.56 &(0.4;0.6) 0.55 &(0.4;0.8) 0.58 &(0.4;1) 0.59 &(0.5;0.2) 0.57 &(0.5;0.4) 0.56 &(0.5;0.6) 0.56 &(0.5;0.8) 0.58 &(0.5;1) 0.59 &(0.6;0.2) 0.57 &(0.6;0.4) 0.55 &(0.6;0.6) 0.56 &(0.6;0.8) 0.58 &(0.6;1) 0.59\\ 
BME(11) &(0.1;0.2) 0.61 &(0.1;0.4) 0.53 &(0.1;0.6) 0.52 &(0.1;0.8) 0.59 &(0.1;1) 0.62 &(0.2;0.2) 0.6 &(0.2;0.4) 0.53 &(0.2;0.6) 0.51 &(0.2;0.8) 0.56 &(0.2;1) 0.62 &(0.3;0.2) 0.61 &(0.3;0.4) 0.53 &(0.3;0.6) 0.51 &(0.3;0.8) 0.55 &(0.3;1) 0.62 &(0.4;0.2) 0.61 &(0.4;0.4) 0.52 &(0.4;0.6) 0.49 &(0.4;0.8) 0.55 &(0.4;1) 0.62 &(0.5;0.2) 0.6 &(0.5;0.4) 0.51 &(0.5;0.6) 0.49 &(0.5;0.8) 0.55 &(0.5;1) 0.62 &(0.6;0.2) 0.57 &(0.6;0.4) 0.51 &(0.6;0.6) 0.49 &(0.6;0.8) 0.55 &(0.6;1) 0.62\\ 
BME(13) &(0.1;0.2) 0.57 &(0.1;0.4) 0.48 &(0.1;0.6) 0.47 &(0.1;0.8) 0.49 &(0.1;1) 0.59 &(0.2;0.2) 0.52 &(0.2;0.4) 0.47 &(0.2;0.6) 0.47 &(0.2;0.8) 0.48 &(0.2;1) 0.59 &(0.3;0.2) 0.52 &(0.3;0.4) 0.47 &(0.3;0.6) 0.47 &(0.3;0.8) 0.47 &(0.3;1) 0.59 &(0.4;0.2) 0.51 &(0.4;0.4) 0.46 &(0.4;0.6) 0.47 &(0.4;0.8) 0.47 &(0.4;1) 0.59 &(0.5;0.2) 0.49 &(0.5;0.4) 0.47 &(0.5;0.6) 0.47 &(0.5;0.8) 0.47 &(0.5;1) 0.59 &(0.6;0.2) 0.47 &(0.6;0.4) 0.47 &(0.6;0.6) 0.47 &(0.6;0.8) 0.47 &(0.6;1) 0.59\\ 
BME(1) &(0.7;0.1) 0.82 &(0.7;0.3) 0.77 &(0.7;0.5) 0.67 &(0.7;0.7) 0.66 &(0.7;0.9) 0.89 &(0.8;0.1) 0.81 &(0.8;0.3) 0.77 &(0.8;0.5) 0.67 &(0.8;0.7) 0.65 &(0.8;0.9) 0.89 &(0.9;0.1) 0.69 &(0.9;0.3) 0.75 &(0.9;0.5) 0.68 &(0.9;0.7) 0.66 &(0.9;0.9) 0.89 &(1;0.1) 0.69 &(1;0.3) 0.73 &(1;0.5) 0.68 &(1;0.7) 0.65 &(1;0.9) 0.89\\ 
BME(3) &(0.7;0.1) 0.79 &(0.7;0.3) 0.75 &(0.7;0.5) 0.63 &(0.7;0.7) 0.61 &(0.7;0.9) 0.9 &(0.8;0.1) 0.78 &(0.8;0.3) 0.74 &(0.8;0.5) 0.63 &(0.8;0.7) 0.6 &(0.8;0.9) 0.9 &(0.9;0.1) 0.65 &(0.9;0.3) 0.72 &(0.9;0.5) 0.63 &(0.9;0.7) 0.59 &(0.9;0.9) 0.9 &(1;0.1) 0.65 &(1;0.3) 0.72 &(1;0.5) 0.62 &(1;0.7) 0.59 &(1;0.9) 0.9\\ 
BME(5) &(0.7;0.1) 0.77 &(0.7;0.3) 0.71 &(0.7;0.5) 0.67 &(0.7;0.7) 0.63 &(0.7;0.9) 0.81 &(0.8;0.1) 0.77 &(0.8;0.3) 0.7 &(0.8;0.5) 0.66 &(0.8;0.7) 0.63 &(0.8;0.9) 0.81 &(0.9;0.1) 0.63 &(0.9;0.3) 0.65 &(0.9;0.5) 0.65 &(0.9;0.7) 0.61 &(0.9;0.9) 0.81 &(1;0.1) 0.63 &(1;0.3) 0.64 &(1;0.5) 0.63 &(1;0.7) 0.61 &(1;0.9) 0.81\\ 
BME(7) &(0.7;0.1) 0.82 &(0.7;0.3) 0.67 &(0.7;0.5) 0.62 &(0.7;0.7) 0.6 &(0.7;0.9) 0.67 &(0.8;0.1) 0.8 &(0.8;0.3) 0.66 &(0.8;0.5) 0.61 &(0.8;0.7) 0.6 &(0.8;0.9) 0.67 &(0.9;0.1) 0.68 &(0.9;0.3) 0.61 &(0.9;0.5) 0.61 &(0.9;0.7) 0.6 &(0.9;0.9) 0.67 &(1;0.1) 0.67 &(1;0.3) 0.63 &(1;0.5) 0.61 &(1;0.7) 0.59 &(1;0.9) 0.67\\ 
BME(9) &(0.7;0.1) 0.78 &(0.7;0.3) 0.56 &(0.7;0.5) 0.53 &(0.7;0.7) 0.55 &(0.7;0.9) 0.62 &(0.8;0.1) 0.75 &(0.8;0.3) 0.57 &(0.8;0.5) 0.53 &(0.8;0.7) 0.55 &(0.8;0.9) 0.62 &(0.9;0.1) 0.67 &(0.9;0.3) 0.55 &(0.9;0.5) 0.51 &(0.9;0.7) 0.56 &(0.9;0.9) 0.62 &(1;0.1) 0.66 &(1;0.3) 0.55 &(1;0.5) 0.51 &(1;0.7) 0.55 &(1;0.9) 0.62\\ 
BME(11) &(0.7;0.1) 0.61 &(0.7;0.3) 0.5 &(0.7;0.5) 0.47 &(0.7;0.7) 0.51 &(0.7;0.9) 0.63 &(0.8;0.1) 0.59 &(0.8;0.3) 0.48 &(0.8;0.5) 0.47 &(0.8;0.7) 0.49 &(0.8;0.9) 0.63 &(0.9;0.1) 0.47 &(0.9;0.3) 0.47 &(0.9;0.5) 0.47 &(0.9;0.7) 0.48 &(0.9;0.9) 0.63 &(1;0.1) 0.47 &(1;0.3) 0.47 &(1;0.5) 0.47 &(1;0.7) 0.48 &(1;0.9) 0.63\\ 
BME(13) &(0.7;0.1) 0.5 &(0.7;0.3) 0.47 &(0.7;0.5) 0.46 &(0.7;0.7) 0.47 &(0.7;0.9) 0.51 &(0.8;0.1) 0.48 &(0.8;0.3) 0.47 &(0.8;0.5) 0.46 &(0.8;0.7) 0.47 &(0.8;0.9) 0.51 &(0.9;0.1) 0.47 &(0.9;0.3) 0.47 &(0.9;0.5) 0.46 &(0.9;0.7) 0.47 &(0.9;0.9) 0.51 &(1;0.1) 0.47 &(1;0.3) 0.47 &(1;0.5) 0.46 &(1;0.7) 0.47 &(1;0.9) 0.51\\ 
ERing(1) &(0.1;0.1) 0.17 &(0.1;0.2) 0.17 &(0.1;0.3) 0.81 &(0.1;0.4) 0.81 &(0.1;0.5) 0.77 &(0.1;0.6) 0.77 &(0.1;0.7) 0.77 &(0.1;0.8) 0.81 &(0.1;0.9) 0.81 &(0.2;0.1) 0.17 &(0.2;0.2) 0.17 &(0.2;0.3) 0.81 &(0.2;0.4) 0.81 &(0.2;0.5) 0.77 &(0.2;0.6) 0.77 &(0.2;0.7) 0.77 &(0.2;0.8) 0.81 &(0.2;0.9) 0.81 &(0.3;0.1) 0.17 &(0.3;0.2) 0.17 &(0.3;0.3) 0.84 &(0.3;0.4) 0.84 &(0.3;0.5) 0.77 &(0.3;0.6) 0.77 &(0.3;0.7) 0.77 &(0.3;0.8) 0.81 &(0.3;0.9) 0.81 &(0.4;0.1) 0.17 &(0.4;0.2) 0.17 &(0.4;0.3) 0.84 &(0.4;0.4) 0.84 &(0.4;0.5) 0.78 &(0.4;0.6) 0.78 &(0.4;0.7) 0.78 &(0.4;0.8) 0.81 &(0.4;0.9) 0.81 &(0.5;0.1) 0.17 &(0.5;0.2) 0.17 &(0.5;0.3) 0.84 &(0.5;0.4) 0.84 &(0.5;0.5) 0.78 &(0.5;0.6) 0.78 &(0.5;0.7) 0.78 &(0.5;0.8) 0.81 &(0.5;0.9) 0.81 &(0.6;0.1) 0.17 &(0.6;0.2) 0.17 &(0.6;0.3) 0.86 &(0.6;0.4) 0.86 &(0.6;0.5) 0.78 &(0.6;0.6) 0.78 &(0.6;0.7) 0.78 &(0.6;0.8) 0.83 &(0.6;0.9) 0.83 &(0.7;0.1) 0.17 &(0.7;0.2) 0.17 &(0.7;0.3) 0.86 &(0.7;0.4) 0.86 &(0.7;0.5) 0.81 &(0.7;0.6) 0.81 &(0.7;0.7) 0.81 &(0.7;0.8) 0.83 &(0.7;0.9) 0.83 &(0.8;0.1) 0.17 &(0.8;0.2) 0.17 &(0.8;0.3) 0.86 &(0.8;0.4) 0.86 &(0.8;0.5) 0.81 &(0.8;0.6) 0.81 &(0.8;0.7) 0.81 &(0.8;0.8) 0.83 &(0.8;0.9) 0.83 &(0.9;0.1) 0.17 &(0.9;0.2) 0.17 &(0.9;0.3) 0.86 &(0.9;0.4) 0.86 &(0.9;0.5) 0.81 &(0.9;0.6) 0.81 &(0.9;0.7) 0.81 &(0.9;0.8) 0.83 &(0.9;0.9) 0.83 &(1;0.1) 0.17 &(1;0.2) 0.17 &(1;0.3) 0.86 &(1;0.4) 0.86 &(1;0.5) 0.81 &(1;0.6) 0.81 &(1;0.7) 0.81 &(1;0.8) 0.83 &(1;0.9) 0.83\\ 
ERing(3) &(0.1;0.1) 0.17 &(0.1;0.2) 0.17 &(0.1;0.3) 0.77 &(0.1;0.4) 0.77 &(0.1;0.5) 0.71 &(0.1;0.6) 0.71 &(0.1;0.7) 0.71 &(0.1;0.8) 0.76 &(0.1;0.9) 0.76 &(0.2;0.1) 0.17 &(0.2;0.2) 0.17 &(0.2;0.3) 0.77 &(0.2;0.4) 0.77 &(0.2;0.5) 0.71 &(0.2;0.6) 0.71 &(0.2;0.7) 0.71 &(0.2;0.8) 0.76 &(0.2;0.9) 0.76 &(0.3;0.1) 0.17 &(0.3;0.2) 0.17 &(0.3;0.3) 0.79 &(0.3;0.4) 0.79 &(0.3;0.5) 0.71 &(0.3;0.6) 0.71 &(0.3;0.7) 0.71 &(0.3;0.8) 0.76 &(0.3;0.9) 0.76 &(0.4;0.1) 0.17 &(0.4;0.2) 0.17 &(0.4;0.3) 0.79 &(0.4;0.4) 0.79 &(0.4;0.5) 0.76 &(0.4;0.6) 0.76 &(0.4;0.7) 0.76 &(0.4;0.8) 0.76 &(0.4;0.9) 0.76 &(0.5;0.1) 0.17 &(0.5;0.2) 0.17 &(0.5;0.3) 0.79 &(0.5;0.4) 0.79 &(0.5;0.5) 0.76 &(0.5;0.6) 0.76 &(0.5;0.7) 0.76 &(0.5;0.8) 0.76 &(0.5;0.9) 0.76 &(0.6;0.1) 0.17 &(0.6;0.2) 0.17 &(0.6;0.3) 0.8 &(0.6;0.4) 0.8 &(0.6;0.5) 0.76 &(0.6;0.6) 0.76 &(0.6;0.7) 0.76 &(0.6;0.8) 0.77 &(0.6;0.9) 0.77 &(0.7;0.1) 0.17 &(0.7;0.2) 0.17 &(0.7;0.3) 0.8 &(0.7;0.4) 0.8 &(0.7;0.5) 0.78 &(0.7;0.6) 0.78 &(0.7;0.7) 0.78 &(0.7;0.8) 0.77 &(0.7;0.9) 0.77 &(0.8;0.1) 0.17 &(0.8;0.2) 0.17 &(0.8;0.3) 0.81 &(0.8;0.4) 0.81 &(0.8;0.5) 0.78 &(0.8;0.6) 0.78 &(0.8;0.7) 0.78 &(0.8;0.8) 0.77 &(0.8;0.9) 0.77 &(0.9;0.1) 0.17 &(0.9;0.2) 0.17 &(0.9;0.3) 0.81 &(0.9;0.4) 0.81 &(0.9;0.5) 0.78 &(0.9;0.6) 0.78 &(0.9;0.7) 0.78 &(0.9;0.8) 0.77 &(0.9;0.9) 0.77 &(1;0.1) 0.17 &(1;0.2) 0.17 &(1;0.3) 0.81 &(1;0.4) 0.81 &(1;0.5) 0.78 &(1;0.6) 0.78 &(1;0.7) 0.78 &(1;0.8) 0.77 &(1;0.9) 0.77\\ 
ERing(5) &(0.1;0.1) 0.17 &(0.1;0.2) 0.17 &(0.1;0.3) 0.74 &(0.1;0.4) 0.74 &(0.1;0.5) 0.67 &(0.1;0.6) 0.67 &(0.1;0.7) 0.67 &(0.1;0.8) 0.73 &(0.1;0.9) 0.73 &(0.2;0.1) 0.17 &(0.2;0.2) 0.17 &(0.2;0.3) 0.74 &(0.2;0.4) 0.74 &(0.2;0.5) 0.67 &(0.2;0.6) 0.67 &(0.2;0.7) 0.67 &(0.2;0.8) 0.73 &(0.2;0.9) 0.73 &(0.3;0.1) 0.17 &(0.3;0.2) 0.17 &(0.3;0.3) 0.74 &(0.3;0.4) 0.74 &(0.3;0.5) 0.67 &(0.3;0.6) 0.67 &(0.3;0.7) 0.67 &(0.3;0.8) 0.73 &(0.3;0.9) 0.73 &(0.4;0.1) 0.17 &(0.4;0.2) 0.17 &(0.4;0.3) 0.74 &(0.4;0.4) 0.74 &(0.4;0.5) 0.73 &(0.4;0.6) 0.73 &(0.4;0.7) 0.73 &(0.4;0.8) 0.73 &(0.4;0.9) 0.73 &(0.5;0.1) 0.17 &(0.5;0.2) 0.17 &(0.5;0.3) 0.74 &(0.5;0.4) 0.74 &(0.5;0.5) 0.73 &(0.5;0.6) 0.73 &(0.5;0.7) 0.73 &(0.5;0.8) 0.73 &(0.5;0.9) 0.73 &(0.6;0.1) 0.17 &(0.6;0.2) 0.17 &(0.6;0.3) 0.77 &(0.6;0.4) 0.77 &(0.6;0.5) 0.73 &(0.6;0.6) 0.73 &(0.6;0.7) 0.73 &(0.6;0.8) 0.76 &(0.6;0.9) 0.76 &(0.7;0.1) 0.17 &(0.7;0.2) 0.17 &(0.7;0.3) 0.77 &(0.7;0.4) 0.77 &(0.7;0.5) 0.74 &(0.7;0.6) 0.74 &(0.7;0.7) 0.74 &(0.7;0.8) 0.76 &(0.7;0.9) 0.76 &(0.8;0.1) 0.17 &(0.8;0.2) 0.17 &(0.8;0.3) 0.77 &(0.8;0.4) 0.77 &(0.8;0.5) 0.74 &(0.8;0.6) 0.74 &(0.8;0.7) 0.74 &(0.8;0.8) 0.76 &(0.8;0.9) 0.76 &(0.9;0.1) 0.17 &(0.9;0.2) 0.17 &(0.9;0.3) 0.77 &(0.9;0.4) 0.77 &(0.9;0.5) 0.74 &(0.9;0.6) 0.74 &(0.9;0.7) 0.74 &(0.9;0.8) 0.76 &(0.9;0.9) 0.76 &(1;0.1) 0.17 &(1;0.2) 0.17 &(1;0.3) 0.77 &(1;0.4) 0.77 &(1;0.5) 0.74 &(1;0.6) 0.74 &(1;0.7) 0.74 &(1;0.8) 0.76 &(1;0.9) 0.76\\ 
ERing best result: 0.8592592592592593 
FingerMovements(1) &(0.1;0.1) 0.56 &(0.1;0.2) 0.58 &(0.1;0.3) 0.53 &(0.1;0.4) 0.52 &(0.1;0.5) 0.52 &(0.1;0.6) 0.55 &(0.1;0.7) 0.56 &(0.1;0.8) 0.53 &(0.1;0.9) 0.54 &(0.2;0.1) 0.56 &(0.2;0.2) 0.58 &(0.2;0.3) 0.53 &(0.2;0.4) 0.52 &(0.2;0.5) 0.52 &(0.2;0.6) 0.55 &(0.2;0.7) 0.56 &(0.2;0.8) 0.53 &(0.2;0.9) 0.54 &(0.3;0.1) 0.56 &(0.3;0.2) 0.58 &(0.3;0.3) 0.53 &(0.3;0.4) 0.52 &(0.3;0.5) 0.52 &(0.3;0.6) 0.55 &(0.3;0.7) 0.56 &(0.3;0.8) 0.53 &(0.3;0.9) 0.54 &(0.4;0.1) 0.55 &(0.4;0.2) 0.58 &(0.4;0.3) 0.53 &(0.4;0.4) 0.52 &(0.4;0.5) 0.52 &(0.4;0.6) 0.55 &(0.4;0.7) 0.56 &(0.4;0.8) 0.53 &(0.4;0.9) 0.54 &(0.5;0.1) 0.55 &(0.5;0.2) 0.58 &(0.5;0.3) 0.53 &(0.5;0.4) 0.52 &(0.5;0.5) 0.52 &(0.5;0.6) 0.55 &(0.5;0.7) 0.56 &(0.5;0.8) 0.53 &(0.5;0.9) 0.54 &(0.6;0.1) 0.55 &(0.6;0.2) 0.58 &(0.6;0.3) 0.53 &(0.6;0.4) 0.52 &(0.6;0.5) 0.52 &(0.6;0.6) 0.55 &(0.6;0.7) 0.56 &(0.6;0.8) 0.53 &(0.6;0.9) 0.54 &(0.7;0.1) 0.55 &(0.7;0.2) 0.58 &(0.7;0.3) 0.53 &(0.7;0.4) 0.52 &(0.7;0.5) 0.52 &(0.7;0.6) 0.55 &(0.7;0.7) 0.56 &(0.7;0.8) 0.53 &(0.7;0.9) 0.54 &(0.8;0.1) 0.54 &(0.8;0.2) 0.58 &(0.8;0.3) 0.53 &(0.8;0.4) 0.52 &(0.8;0.5) 0.52 &(0.8;0.6) 0.55 &(0.8;0.7) 0.56 &(0.8;0.8) 0.53 &(0.8;0.9) 0.54 &(0.9;0.1) 0.54 &(0.9;0.2) 0.58 &(0.9;0.3) 0.53 &(0.9;0.4) 0.52 &(0.9;0.5) 0.52 &(0.9;0.6) 0.55 &(0.9;0.7) 0.56 &(0.9;0.8) 0.53 &(0.9;0.9) 0.54 &(1;0.1) 0.54 &(1;0.2) 0.58 &(1;0.3) 0.53 &(1;0.4) 0.52 &(1;0.5) 0.52 &(1;0.6) 0.55 &(1;0.7) 0.56 &(1;0.8) 0.53 &(1;0.9) 0.54\\ 
FingerMovements(3) &(0.1;0.1) 0.56 &(0.1;0.2) 0.57 &(0.1;0.3) 0.6 &(0.1;0.4) 0.58 &(0.1;0.5) 0.61 &(0.1;0.6) 0.59 &(0.1;0.7) 0.55 &(0.1;0.8) 0.59 &(0.1;0.9) 0.56 &(0.2;0.1) 0.56 &(0.2;0.2) 0.57 &(0.2;0.3) 0.6 &(0.2;0.4) 0.58 &(0.2;0.5) 0.61 &(0.2;0.6) 0.59 &(0.2;0.7) 0.55 &(0.2;0.8) 0.59 &(0.2;0.9) 0.56 &(0.3;0.1) 0.57 &(0.3;0.2) 0.57 &(0.3;0.3) 0.6 &(0.3;0.4) 0.58 &(0.3;0.5) 0.61 &(0.3;0.6) 0.59 &(0.3;0.7) 0.55 &(0.3;0.8) 0.59 &(0.3;0.9) 0.56 &(0.4;0.1) 0.57 &(0.4;0.2) 0.57 &(0.4;0.3) 0.6 &(0.4;0.4) 0.58 &(0.4;0.5) 0.61 &(0.4;0.6) 0.59 &(0.4;0.7) 0.55 &(0.4;0.8) 0.59 &(0.4;0.9) 0.56 &(0.5;0.1) 0.58 &(0.5;0.2) 0.57 &(0.5;0.3) 0.6 &(0.5;0.4) 0.58 &(0.5;0.5) 0.61 &(0.5;0.6) 0.59 &(0.5;0.7) 0.55 &(0.5;0.8) 0.59 &(0.5;0.9) 0.56 &(0.6;0.1) 0.58 &(0.6;0.2) 0.57 &(0.6;0.3) 0.6 &(0.6;0.4) 0.58 &(0.6;0.5) 0.61 &(0.6;0.6) 0.59 &(0.6;0.7) 0.55 &(0.6;0.8) 0.59 &(0.6;0.9) 0.56 &(0.7;0.1) 0.6 &(0.7;0.2) 0.57 &(0.7;0.3) 0.6 &(0.7;0.4) 0.58 &(0.7;0.5) 0.61 &(0.7;0.6) 0.59 &(0.7;0.7) 0.55 &(0.7;0.8) 0.59 &(0.7;0.9) 0.56 &(0.8;0.1) 0.6 &(0.8;0.2) 0.57 &(0.8;0.3) 0.6 &(0.8;0.4) 0.58 &(0.8;0.5) 0.61 &(0.8;0.6) 0.59 &(0.8;0.7) 0.55 &(0.8;0.8) 0.59 &(0.8;0.9) 0.56 &(0.9;0.1) 0.6 &(0.9;0.2) 0.57 &(0.9;0.3) 0.6 &(0.9;0.4) 0.58 &(0.9;0.5) 0.61 &(0.9;0.6) 0.59 &(0.9;0.7) 0.55 &(0.9;0.8) 0.59 &(0.9;0.9) 0.56 &(1;0.1) 0.6 &(1;0.2) 0.57 &(1;0.3) 0.6 &(1;0.4) 0.58 &(1;0.5) 0.61 &(1;0.6) 0.59 &(1;0.7) 0.55 &(1;0.8) 0.59 &(1;0.9) 0.56\\ 
FingerMovements(5) &(0.1;0.1) 0.57 &(0.1;0.2) 0.61 &(0.1;0.3) 0.62 &(0.1;0.4) 0.65 &(0.1;0.5) 0.63 &(0.1;0.6) 0.61 &(0.1;0.7) 0.59 &(0.1;0.8) 0.59 &(0.1;0.9) 0.6 &(0.2;0.1) 0.59 &(0.2;0.2) 0.61 &(0.2;0.3) 0.62 &(0.2;0.4) 0.65 &(0.2;0.5) 0.63 &(0.2;0.6) 0.61 &(0.2;0.7) 0.59 &(0.2;0.8) 0.59 &(0.2;0.9) 0.6 &(0.3;0.1) 0.59 &(0.3;0.2) 0.61 &(0.3;0.3) 0.62 &(0.3;0.4) 0.65 &(0.3;0.5) 0.63 &(0.3;0.6) 0.61 &(0.3;0.7) 0.59 &(0.3;0.8) 0.59 &(0.3;0.9) 0.6 &(0.4;0.1) 0.61 &(0.4;0.2) 0.61 &(0.4;0.3) 0.62 &(0.4;0.4) 0.65 &(0.4;0.5) 0.63 &(0.4;0.6) 0.61 &(0.4;0.7) 0.59 &(0.4;0.8) 0.59 &(0.4;0.9) 0.6 &(0.5;0.1) 0.6 