GunPoint(1) &(0.1;0.1) 0.93 &(0.1;0.3) 0.92 &(0.1;0.5) 0.89 &(0.1;0.7) 0.89 &(0.1;0.9) 0.91 &(0.2;0.1) 0.93 &(0.2;0.3) 0.92 &(0.2;0.5) 0.9 &(0.2;0.7) 0.89 &(0.2;0.9) 0.91 &(0.3;0.1) 0.92 &(0.3;0.3) 0.92 &(0.3;0.5) 0.91 &(0.3;0.7) 0.9 &(0.3;0.9) 0.91 &(0.4;0.1) 0.95 &(0.4;0.3) 0.93 &(0.4;0.5) 0.91 &(0.4;0.7) 0.9 &(0.4;0.9) 0.91 &(0.5;0.1) 0.96 &(0.5;0.3) 0.93 &(0.5;0.5) 0.91 &(0.5;0.7) 0.9 &(0.5;0.9) 0.91 &(0.6;0.1) 0.97 &(0.6;0.3) 0.95 &(0.6;0.5) 0.91 &(0.6;0.7) 0.9 &(0.6;0.9) 0.91\\ 
GunPoint(3) &(0.1;0.1) 0.91 &(0.1;0.3) 0.89 &(0.1;0.5) 0.85 &(0.1;0.7) 0.85 &(0.1;0.9) 0.87 &(0.2;0.1) 0.9 &(0.2;0.3) 0.9 &(0.2;0.5) 0.86 &(0.2;0.7) 0.87 &(0.2;0.9) 0.87 &(0.3;0.1) 0.91 &(0.3;0.3) 0.9 &(0.3;0.5) 0.87 &(0.3;0.7) 0.87 &(0.3;0.9) 0.87 &(0.4;0.1) 0.93 &(0.4;0.3) 0.92 &(0.4;0.5) 0.87 &(0.4;0.7) 0.88 &(0.4;0.9) 0.87 &(0.5;0.1) 0.93 &(0.5;0.3) 0.91 &(0.5;0.5) 0.87 &(0.5;0.7) 0.88 &(0.5;0.9) 0.87 &(0.6;0.1) 0.91 &(0.6;0.3) 0.92 &(0.6;0.5) 0.88 &(0.6;0.7) 0.88 &(0.6;0.9) 0.88\\ 
GunPoint(5) &(0.1;0.1) 0.87 &(0.1;0.3) 0.83 &(0.1;0.5) 0.79 &(0.1;0.7) 0.78 &(0.1;0.9) 0.79 &(0.2;0.1) 0.83 &(0.2;0.3) 0.84 &(0.2;0.5) 0.8 &(0.2;0.7) 0.78 &(0.2;0.9) 0.79 &(0.3;0.1) 0.87 &(0.3;0.3) 0.86 &(0.3;0.5) 0.8 &(0.3;0.7) 0.78 &(0.3;0.9) 0.79 &(0.4;0.1) 0.91 &(0.4;0.3) 0.86 &(0.4;0.5) 0.79 &(0.4;0.7) 0.79 &(0.4;0.9) 0.78 &(0.5;0.1) 0.89 &(0.5;0.3) 0.86 &(0.5;0.5) 0.81 &(0.5;0.7) 0.79 &(0.5;0.9) 0.77 &(0.6;0.1) 0.86 &(0.6;0.3) 0.88 &(0.6;0.5) 0.81 &(0.6;0.7) 0.79 &(0.6;0.9) 0.77\\ 
GunPoint(7) &(0.1;0.1) 0.8 &(0.1;0.3) 0.81 &(0.1;0.5) 0.79 &(0.1;0.7) 0.77 &(0.1;0.9) 0.8 &(0.2;0.1) 0.8 &(0.2;0.3) 0.81 &(0.2;0.5) 0.79 &(0.2;0.7) 0.78 &(0.2;0.9) 0.8 &(0.3;0.1) 0.88 &(0.3;0.3) 0.81 &(0.3;0.5) 0.81 &(0.3;0.7) 0.78 &(0.3;0.9) 0.8 &(0.4;0.1) 0.9 &(0.4;0.3) 0.82 &(0.4;0.5) 0.8 &(0.4;0.7) 0.78 &(0.4;0.9) 0.79 &(0.5;0.1) 0.86 &(0.5;0.3) 0.85 &(0.5;0.5) 0.8 &(0.5;0.7) 0.77 &(0.5;0.9) 0.79 &(0.6;0.1) 0.84 &(0.6;0.3) 0.89 &(0.6;0.5) 0.79 &(0.6;0.7) 0.79 &(0.6;0.9) 0.79\\ 
GunPoint(9) &(0.1;0.1) 0.83 &(0.1;0.3) 0.78 &(0.1;0.5) 0.77 &(0.1;0.7) 0.75 &(0.1;0.9) 0.78 &(0.2;0.1) 0.83 &(0.2;0.3) 0.78 &(0.2;0.5) 0.76 &(0.2;0.7) 0.75 &(0.2;0.9) 0.79 &(0.3;0.1) 0.86 &(0.3;0.3) 0.83 &(0.3;0.5) 0.79 &(0.3;0.7) 0.75 &(0.3;0.9) 0.79 &(0.4;0.1) 0.91 &(0.4;0.3) 0.86 &(0.4;0.5) 0.82 &(0.4;0.7) 0.76 &(0.4;0.9) 0.79 &(0.5;0.1) 0.85 &(0.5;0.3) 0.86 &(0.5;0.5) 0.83 &(0.5;0.7) 0.77 &(0.5;0.9) 0.79 &(0.6;0.1) 0.83 &(0.6;0.3) 0.89 &(0.6;0.5) 0.82 &(0.6;0.7) 0.79 &(0.6;0.9) 0.78\\ 
GunPoint(11) &(0.1;0.1) 0.85 &(0.1;0.3) 0.77 &(0.1;0.5) 0.74 &(0.1;0.7) 0.71 &(0.1;0.9) 0.77 &(0.2;0.1) 0.84 &(0.2;0.3) 0.83 &(0.2;0.5) 0.79 &(0.2;0.7) 0.73 &(0.2;0.9) 0.78 &(0.3;0.1) 0.81 &(0.3;0.3) 0.83 &(0.3;0.5) 0.81 &(0.3;0.7) 0.74 &(0.3;0.9) 0.79 &(0.4;0.1) 0.79 &(0.4;0.3) 0.83 &(0.4;0.5) 0.75 &(0.4;0.7) 0.77 &(0.4;0.9) 0.78 &(0.5;0.1) 0.75 &(0.5;0.3) 0.81 &(0.5;0.5) 0.75 &(0.5;0.7) 0.77 &(0.5;0.9) 0.78 &(0.6;0.1) 0.73 &(0.6;0.3) 0.81 &(0.6;0.5) 0.77 &(0.6;0.7) 0.78 &(0.6;0.9) 0.79\\ 
GunPoint(13) &(0.1;0.1) 0.81 &(0.1;0.3) 0.77 &(0.1;0.5) 0.71 &(0.1;0.7) 0.71 &(0.1;0.9) 0.76 &(0.2;0.1) 0.8 &(0.2;0.3) 0.77 &(0.2;0.5) 0.72 &(0.2;0.7) 0.69 &(0.2;0.9) 0.77 &(0.3;0.1) 0.73 &(0.3;0.3) 0.79 &(0.3;0.5) 0.74 &(0.3;0.7) 0.68 &(0.3;0.9) 0.77 &(0.4;0.1) 0.71 &(0.4;0.3) 0.81 &(0.4;0.5) 0.75 &(0.4;0.7) 0.7 &(0.4;0.9) 0.77 &(0.5;0.1) 0.68 &(0.5;0.3) 0.79 &(0.5;0.5) 0.75 &(0.5;0.7) 0.71 &(0.5;0.9) 0.78 &(0.6;0.1) 0.68 &(0.6;0.3) 0.75 &(0.6;0.5) 0.75 &(0.6;0.7) 0.72 &(0.6;0.9) 0.78\\ 
GunPoint best result: 0.9666666666666667 
Herring(1) &(0.1;0.1) 0.58 &(0.1;0.3) 0.55 &(0.1;0.5) 0.56 &(0.1;0.7) 0.52 &(0.1;0.9) 0.53 &(0.2;0.1) 0.58 &(0.2;0.3) 0.55 &(0.2;0.5) 0.58 &(0.2;0.7) 0.52 &(0.2;0.9) 0.53 &(0.3;0.1) 0.58 &(0.3;0.3) 0.55 &(0.3;0.5) 0.58 &(0.3;0.7) 0.52 &(0.3;0.9) 0.53 &(0.4;0.1) 0.53 &(0.4;0.3) 0.55 &(0.4;0.5) 0.58 &(0.4;0.7) 0.52 &(0.4;0.9) 0.53 &(0.5;0.1) 0.64 &(0.5;0.3) 0.56 &(0.5;0.5) 0.58 &(0.5;0.7) 0.52 &(0.5;0.9) 0.53 &(0.6;0.1) 0.64 &(0.6;0.3) 0.62 &(0.6;0.5) 0.58 &(0.6;0.7) 0.52 &(0.6;0.9) 0.53\\ 
Herring(3) &(0.1;0.1) 0.58 &(0.1;0.3) 0.52 &(0.1;0.5) 0.58 &(0.1;0.7) 0.56 &(0.1;0.9) 0.55 &(0.2;0.1) 0.59 &(0.2;0.3) 0.53 &(0.2;0.5) 0.58 &(0.2;0.7) 0.56 &(0.2;0.9) 0.55 &(0.3;0.1) 0.55 &(0.3;0.3) 0.55 &(0.3;0.5) 0.58 &(0.3;0.7) 0.56 &(0.3;0.9) 0.55 &(0.4;0.1) 0.55 &(0.4;0.3) 0.56 &(0.4;0.5) 0.58 &(0.4;0.7) 0.56 &(0.4;0.9) 0.55 &(0.5;0.1) 0.55 &(0.5;0.3) 0.61 &(0.5;0.5) 0.58 &(0.5;0.7) 0.58 &(0.5;0.9) 0.55 &(0.6;0.1) 0.61 &(0.6;0.3) 0.7 &(0.6;0.5) 0.58 &(0.6;0.7) 0.58 &(0.6;0.9) 0.55\\ 
Herring(5) &(0.1;0.1) 0.59 &(0.1;0.3) 0.5 &(0.1;0.5) 0.55 &(0.1;0.7) 0.48 &(0.1;0.9) 0.48 &(0.2;0.1) 0.56 &(0.2;0.3) 0.55 &(0.2;0.5) 0.52 &(0.2;0.7) 0.48 &(0.2;0.9) 0.48 &(0.3;0.1) 0.58 &(0.3;0.3) 0.55 &(0.3;0.5) 0.55 &(0.3;0.7) 0.5 &(0.3;0.9) 0.48 &(0.4;0.1) 0.58 &(0.4;0.3) 0.59 &(0.4;0.5) 0.56 &(0.4;0.7) 0.5 &(0.4;0.9) 0.48 &(0.5;0.1) 0.59 &(0.5;0.3) 0.61 &(0.5;0.5) 0.55 &(0.5;0.7) 0.5 &(0.5;0.9) 0.48 &(0.6;0.1) 0.56 &(0.6;0.3) 0.62 &(0.6;0.5) 0.53 &(0.6;0.7) 0.5 &(0.6;0.9) 0.48\\ 
Herring(7) &(0.1;0.1) 0.56 &(0.1;0.3) 0.61 &(0.1;0.5) 0.58 &(0.1;0.7) 0.58 &(0.1;0.9) 0.52 &(0.2;0.1) 0.61 &(0.2;0.3) 0.58 &(0.2;0.5) 0.56 &(0.2;0.7) 0.58 &(0.2;0.9) 0.52 &(0.3;0.1) 0.64 &(0.3;0.3) 0.58 &(0.3;0.5) 0.55 &(0.3;0.7) 0.58 &(0.3;0.9) 0.52 &(0.4;0.1) 0.64 &(0.4;0.3) 0.53 &(0.4;0.5) 0.55 &(0.4;0.7) 0.58 &(0.4;0.9) 0.52 &(0.5;0.1) 0.59 &(0.5;0.3) 0.52 &(0.5;0.5) 0.56 &(0.5;0.7) 0.56 &(0.5;0.9) 0.52 &(0.6;0.1) 0.59 &(0.6;0.3) 0.53 &(0.6;0.5) 0.56 &(0.6;0.7) 0.58 &(0.6;0.9) 0.52\\ 
Herring(9) &(0.1;0.1) 0.61 