SmoothSubspace(1) &(0.1;0.1) 0.98 &(0.1;0.3) 0.97 &(0.1;0.5) 0.91 &(0.1;0.7) 0.88 &(0.1;0.9) 0.93 &(0.2;0.1) 0.99 &(0.2;0.3) 0.97 &(0.2;0.5) 0.9 &(0.2;0.7) 0.87 &(0.2;0.9) 0.93 &(0.3;0.1) 0.98 &(0.3;0.3) 0.99 &(0.3;0.5) 0.91 &(0.3;0.7) 0.87 &(0.3;0.9) 0.93 &(0.4;0.1) 0.95 &(0.4;0.3) 0.97 &(0.4;0.5) 0.94 &(0.4;0.7) 0.85 &(0.4;0.9) 0.93 &(0.5;0.1) 0.93 &(0.5;0.3) 0.98 &(0.5;0.5) 0.92 &(0.5;0.7) 0.85 &(0.5;0.9) 0.93 &(0.6;0.1) 0.93 &(0.6;0.3) 0.97 &(0.6;0.5) 0.91 &(0.6;0.7) 0.86 &(0.6;0.9) 0.93\\ 
SmoothSubspace(3) &(0.1;0.1) 0.99 &(0.1;0.3) 0.99 &(0.1;0.5) 0.91 &(0.1;0.7) 0.89 &(0.1;0.9) 0.92 &(0.2;0.1) 0.98 &(0.2;0.3) 0.97 &(0.2;0.5) 0.91 &(0.2;0.7) 0.87 &(0.2;0.9) 0.92 &(0.3;0.1) 0.98 &(0.3;0.3) 0.99 &(0.3;0.5) 0.92 &(0.3;0.7) 0.87 &(0.3;0.9) 0.92 &(0.4;0.1) 0.96 &(0.4;0.3) 0.99 &(0.4;0.5) 0.89 &(0.4;0.7) 0.87 &(0.4;0.9) 0.92 &(0.5;0.1) 0.91 &(0.5;0.3) 0.99 &(0.5;0.5) 0.91 &(0.5;0.7) 0.87 &(0.5;0.9) 0.92 &(0.6;0.1) 0.91 &(0.6;0.3) 0.97 &(0.6;0.5) 0.91 &(0.6;0.7) 0.89 &(0.6;0.9) 0.92\\ 
SmoothSubspace(5) &(0.1;0.1) 0.99 &(0.1;0.3) 0.97 &(0.1;0.5) 0.89 &(0.1;0.7) 0.89 &(0.1;0.9) 0.94 &(0.2;0.1) 0.99 &(0.2;0.3) 0.99 &(0.2;0.5) 0.91 &(0.2;0.7) 0.88 &(0.2;0.9) 0.94 &(0.3;0.1) 0.97 &(0.3;0.3) 0.99 &(0.3;0.5) 0.91 &(0.3;0.7) 0.88 &(0.3;0.9) 0.94 &(0.4;0.1) 0.96 &(0.4;0.3) 1.0 &(0.4;0.5) 0.91 &(0.4;0.7) 0.89 &(0.4;0.9) 0.94 &(0.5;0.1) 0.93 &(0.5;0.3) 0.99 &(0.5;0.5) 0.91 &(0.5;0.7) 0.89 &(0.5;0.9) 0.94 &(0.6;0.1) 0.92 &(0.6;0.3) 0.99 &(0.6;0.5) 0.91 &(0.6;0.7) 0.91 &(0.6;0.9) 0.94\\ 
SmoothSubspace(7) 
SmoothSubspace best result: 1.0
ToeSegmentation2(1) &(0.1;0.1) 0.91 &(0.1;0.3) 0.88 &(0.1;0.5) 0.85 &(0.1;0.7) 0.82 &(0.1;0.9) 0.8 &(0.2;0.1) 0.92 &(0.2;0.3) 0.92 &(0.2;0.5) 0.87 &(0.2;0.7) 0.83 &(0.2;0.9) 0.81 &(0.3;0.1) 0.93 &(0.3;0.3) 0.93 &(0.3;0.5) 0.88 &(0.3;0.7) 0.83 &(0.3;0.9) 0.81 &(0.4;0.1) 0.91 &(0.4;0.3) 0.93 &(0.4;0.5) 0.88 &(0.4;0.7) 0.84 &(0.4;0.9) 0.83 &(0.5;0.1) 0.88 &(0.5;0.3) 0.92 &(0.5;0.5) 0.9 &(0.5;0.7) 0.85 &(0.5;0.9) 0.85 &(0.6;0.1) 0.89 &(0.6;0.3) 0.92 &(0.6;0.5) 0.9 &(0.6;0.7) 0.85 &(0.6;0.9) 0.85\\ 
ToeSegmentation2(3) &(0.1;0.1) 0.88 &(0.1;0.3) 0.91 &(0.1;0.5) 0.89 &(0.1;0.7) 0.9 &(0.1;0.9) 0.82 &(0.2;0.1) 0.88 &(0.2;0.3) 0.92 &(0.2;0.5) 0.9 &(0.2;0.7) 0.89 &(0.2;0.9) 0.83 &(0.3;0.1) 0.91 &(0.3;0.3) 0.92 &(0.3;0.5) 0.9 &(0.3;0.7) 0.9 &(0.3;0.9) 0.85 &(0.4;0.1) 0.92 &(0.4;0.3) 0.92 &(0.4;0.5) 0.91 &(0.4;0.7) 0.88 &(0.4;0.9) 0.85 &(0.5;0.1) 0.9 &(0.5;0.3) 0.92 &(0.5;0.5) 0.92 &(0.5;0.7) 0.88 &(0.5;0.9) 0.84 &(0.6;0.1) 0.86 &(0.6;0.3) 0.92 &(0.6;0.5) 0.91 &(0.6;0.7) 0.85 &(0.6;0.9) 0.85\\ 
ToeSegmentation2(5) &(0.1;0.1) 0.88 &(0.1;0.3) 0.94 &(0.1;0.5) 0.92 &(0.1;0.7) 0.92 &(0.1;0.9) 0.83 &(0.2;0.1) 0.92 &(0.2;0.3) 0.94 &(0.2;0.5) 0.91 &(0.2;0.7) 0.92 &(0.2;0.9) 0.82 &(0.3;0.1) 0.91 &(0.3;0.3) 0.92 &(0.3;0.5) 0.89 &(0.3;0.7) 0.91 &(0.3;0.9) 0.83 &(0.4;0.1) 0.9 &(0.4;0.3) 0.93 &(0.4;0.5) 0.91 &(0.4;0.7) 0.92 &(0.4;0.9) 0.82 &(0.5;0.1) 0.86 &(0.5;0.3) 0.93 &(0.5;0.5) 0.91 &(0.5;0.7) 0.9 &(0.5;0.9) 0.82 &(0.6;0.1) 0.85 &(0.6;0.3) 0.92 &(0.6;0.5) 0.9 &(0.6;0.7) 0.89 &(0.6;0.9) 0.82\\ 
ToeSegmentation2(7) &(0.1;0.1) 0.91 &(0.1;0.3) 0.9 &(0.1;0.5) 0.91 &(0.1;0.7) 0.9 &(0.1;0.9) 0.83 &(0.2;0.1) 0.88 &(0.2;0.3) 0.92 &(0.2;0.5) 0.92 &(0.2;0.7) 0.9 &(0.2;0.9) 0.82 &(0.3;0.1) 0.88 &(0.3;0.3) 0.95 &(0.3;0.5) 0.88 &(0.3;0.7) 0.92 &(0.3;0.9) 0.82 &(0.4;0.1) 0.87 &(0.4;0.3) 0.91 &(0.4;0.5) 0.94 &(0.4;0.7) 0.91 &(0.4;0.9) 0.81 &(0.5;0.1) 0.85 &(0.5;0.3) 0.92 &(0.5;0.5) 0.9 &(0.5;0.7) 0.92 &(0.5;0.9) 0.84 &(0.6;0.1) 0.82 &(0.6;0.3) 0.91 &(0.6;0.5) 0.9 &(0.6;0.7) 0.9 &(0.6;0.9) 0.85\\ 
ToeSegmentation2(9) &(0.1;0.1) 0.86 &(0.1;0.3) 0.91 &(0.1;0.5) 0.92 &(0.1;0.7) 0.88 &(0.1;0.9) 0.83 &(0.2;0.1) 0.88 &(0.2;0.3) 0.88 &(0.2;0.5) 0.91 &(0.2;0.7) 0.88 &(0.2;0.9) 0.82 &(0.3;0.1) 0.89 &(0.3;0.3) 0.94 &(0.3;0.5) 0.89 &(0.3;0.7) 0.9 &(0.3;0.9) 0.83 &(0.4;0.1) 0.88 &(0.4;0.3) 0.88 &(0.4;0.5) 0.92 &(0.4;0.7) 0.9 &(0.4;0.9) 0.84 &(0.5;0.1) 0.85 &(0.5;0.3) 0.88 &(0.5;0.5) 0.91 &(0.5;0.7) 0.91 &(0.5;0.9) 0.86 &(0.6;0.1) 0.81 &(0.6;0.3) 0.88 &(0.6;0.5) 0.91 &(0.6;0.7) 0.92 &(0.6;0.9) 0.85\\ 
ToeSegmentation2(11) &(0.1;0.1) 0.8 &(0.1;0.3) 0.79 &(0.1;0.5) 0.81 &(0.1;0.7) 0.86 &(0.1;0.9) 0.83 &(0.2;0.1) 0.87 &(0.2;0.3) 0.88 &(0.2;0.5) 0.87 &(0.2;0.7) 0.87 &(0.2;0.9) 0.83 &(0.3;0.1) 0.88 &(0.3;0.3) 0.93 &(0.3;0.5) 0.9 &(0.3;0.7) 0.91 &(0.3;0.9) 0.83 &(0.4;0.1) 0.87 &(0.4;0.3) 0.9 &(0.4;0.5) 0.92 &(0.4;0.7) 0.91 &(0.4;0.9) 0.81 &(0.5;0.1) 0.85 &(0.5;0.3) 0.9 &(0.5;0.5) 0.92 &(0.5;0.7) 0.89 &(0.5;0.9) 0.81 &(0.6;0.1) 0.84 &(0.6;0.3) 0.88 &(0.6;0.5) 0.92 &(0.6;0.7) 0.89 &(0.6;0.9) 0.84\\ 
ToeSegmentation2(13) &(0.1;0.1) 0.81 &(0.1;0.3) 0.73 &(0.1;0.5) 0.73 &(0.1;0.7) 0.83 &(0.1;0.9) 0.8 &(0.2;0.1) 0.88 &(0.2;0.3) 0.88 &(0.2;0.5) 0.84 &(0.2;0.7) 0.85 &(0.2;0.9) 0.82 &(0.3;0.1) 0.92 &(0.3;0.3) 0.92 &(0.3;0.5) 0.88 &(0.3;0.7) 0.91 &(0.3;0.9) 0.82 &(0.4;0.1) 0.88 &(0.4;0.3) 0.91 &(0.4;0.5) 0.92 &(0.4;0.7) 0.89 &(0.4;0.9) 0.82 &(0.5;0.1) 0.85 &(0.5;0.3) 0.88 &(0.5;0.5) 0.91 &(0.5;0.7) 0.86 &(0.5;0.9) 0.82 &(0.6;0.1) 0.84 &(0.6;0.3) 0.88 &(0.6;0.5) 0.92 &(0.6;0.7) 0.88 &(0.6;0.9) 0.83\\ 
ToeSegmentation2 best result: 0.9461538461538461 
