ItalyPowerDemand(1) &(0.1;0.1) 0.96 &(0.1;0.3) 0.95 &(0.1;0.5) 0.95 &(0.1;0.7) 0.95 &(0.1;0.9) 0.96 &(0.2;0.1) 0.94 &(0.2;0.3) 0.94 &(0.2;0.5) 0.95 &(0.2;0.7) 0.95 &(0.2;0.9) 0.96 &(0.3;0.1) 0.93 &(0.3;0.3) 0.95 &(0.3;0.5) 0.95 &(0.3;0.7) 0.95 &(0.3;0.9) 0.96 &(0.4;0.1) 0.92 &(0.4;0.3) 0.95 &(0.4;0.5) 0.95 &(0.4;0.7) 0.95 &(0.4;0.9) 0.96 &(0.5;0.1) 0.9 &(0.5;0.3) 0.95 &(0.5;0.5) 0.95 &(0.5;0.7) 0.95 &(0.5;0.9) 0.96 &(0.6;0.1) 0.9 &(0.6;0.3) 0.95 &(0.6;0.5) 0.95 &(0.6;0.7) 0.95 &(0.6;0.9) 0.96\\ 
ItalyPowerDemand(3) &(0.1;0.1) 0.95 &(0.1;0.3) 0.95 &(0.1;0.5) 0.95 &(0.1;0.7) 0.95 &(0.1;0.9) 0.96 &(0.2;0.1) 0.94 &(0.2;0.3) 0.95 &(0.2;0.5) 0.95 &(0.2;0.7) 0.95 &(0.2;0.9) 0.96 &(0.3;0.1) 0.93 &(0.3;0.3) 0.96 &(0.3;0.5) 0.95 &(0.3;0.7) 0.95 &(0.3;0.9) 0.96 &(0.4;0.1) 0.91 &(0.4;0.3) 0.96 &(0.4;0.5) 0.96 &(0.4;0.7) 0.95 &(0.4;0.9) 0.96 &(0.5;0.1) 0.91 &(0.5;0.3) 0.96 &(0.5;0.5) 0.96 &(0.5;0.7) 0.95 &(0.5;0.9) 0.96 &(0.6;0.1) 0.9 &(0.6;0.3) 0.95 &(0.6;0.5) 0.96 &(0.6;0.7) 0.95 &(0.6;0.9) 0.96\\ 
ItalyPowerDemand(5) &(0.1;0.1) 0.95 &(0.1;0.3) 0.96 &(0.1;0.5) 0.96 &(0.1;0.7) 0.96 &(0.1;0.9) 0.95 &(0.2;0.1) 0.95 OliveOil(1) &(0.1;0.1) 0.87 &(0.1;0.3) 0.87 &(0.1;0.5) 0.87 &(0.1;0.7) 0.87 &(0.1;0.9) 0.87 &(0.2;0.1) 0.87 &(0.2;0.3) 0.87 &(0.2;0.5) 0.87 &(0.2;0.7) 0.87 &(0.2;0.9) 0.87 &(0.3;0.1) 0.87 &(0.3;0.3) 0.87 &(0.3;0.5) 0.87 &(0.3;0.7) 0.87 &(0.3;0.9) 0.87 &(0.4;0.1) 0.87 &(0.4;0.3) 0.87 &(0.4;0.5) 0.87 &(0.4;0.7) 0.87 &(0.4;0.9) 0.87 &(0.5;0.1) 0.87 &(0.5;0.3) 0.87 &(0.5;0.5) 0.87 &(0.5;0.7) 0.87 &(0.5;0.9) 0.87 &(0.6;0.1) 0.87 &(0.6;0.3) 0.87 &(0.6;0.5) 0.87 &(0.6;0.7) 0.87 &(0.6;0.9) 0.87\\ 
OliveOil(3) &(0.1;0.1) 0.9 &(0.1;0.3) 0.9 &(0.1;0.5) 0.9 &(0.1;0.7) 0.9 &(0.1;0.9) 0.9 &(0.2;0.1) 0.9 &(0.2;0.3) 0.9 &(0.2;0.5) 0.9 &(0.2;0.7) 0.9 &(0.2;0.9) 0.9 &(0.3;0.1) 0.9 &(0.3;0.3) 0.9 &(0.3;0.5) 0.9 &(0.3;0.7) 0.9 &(0.3;0.9) 0.9 &(0.4;0.1) 0.9 &(0.4;0.3) 0.9 &(0.4;0.5) 0.9 &(0.4;0.7) 0.9 &(0.4;0.9) 0.9 &(0.5;0.1) 0.9 &(0.5;0.3) 0.9 &(0.5;0.5) 0.9 &(0.5;0.7) 0.9 &(0.5;0.9) 0.9 &(0.6;0.1) 0.9 &(0.6;0.3) 0.9 &(0.6;0.5) 0.9 &(0.6;0.7) 0.9 &(0.6;0.9) 0.9\\ 
OliveOil(5) &(0.1;0.1) 0.83 &(0.1;0.3) 0.87 &(0.1;0.5) 0.87 &(0.1;0.7) 0.87 &(0.1;0.9) 0.83 &(0.2;0.1) 0.83 &(0.2;0.3) 0.87 &(0.2;0.5) 0.87 &(0.2;0.7) 0.87 &(0.2;0.9) 0.83 &(0.3;0.1) 0.83 &(0.3;0.3) 0.87 &(0.3;0.5) 0.87 &(0.3;0.7) 0.87 &(0.3;0.9) 0.83 &(0.4;0.1) 0.83 &(0.4;0.3) 0.87 &(0.4;0.5) 0.87 &(0.4;0.7) 0.87 &(0.4;0.9) 0.83 &(0.5;0.1) 0.83 &(0.5;0.3) 0.87 &(0.5;0.5) 0.87 &(0.5;0.7) 0.87 &(0.5;0.9) 0.83 &(0.6;0.1) 0.83 &(0.6;0.3) 0.87 &(0.6;0.5) 0.87 &(0.6;0.7) 0.87 &(0.6;0.9) 0.83\\ 
OliveOil(7) &(0.1;0.1) 0.83 &(0.1;0.3) 0.83 &(0.1;0.5) 0.83 &(0.1;0.7) 0.83 &(0.1;0.9) 0.83 &(0.2;0.1) 0.83 &(0.2;0.3) 0.83 &(0.2;0.5) 0.83 &(0.2;0.7) 0.83 &(0.2;0.9) 0.83 &(0.3;0.1) 0.83 &(0.3;0.3) 0.83 &(0.3;0.5) 0.83 &(0.3;0.7) 0.83 &(0.3;0.9) 0.83 &(0.4;0.1) 0.83 &(0.4;0.3) 0.83 &(0.4;0.5) 0.83 &(0.4;0.7) 0.83 &(0.4;0.9) 0.83 &(0.5;0.1) 0.83 &(0.5;0.3) 0.83 &(0.5;0.5) 0.83 &(0.5;0.7) 0.83 &(0.5;0.9) 0.83 &(0.6;0.1) 0.83 &(0.6;0.3) 0.83 &(0.6;0.5) 0.83 &(0.6;0.7) 0.83 &(0.6;0.9) 0.83\\ 
OliveOil(9) &(0.1;0.1) 0.77 &(0.1;0.3) 0.77 &(0.1;0.5) 0.77 &(0.1;0.7) 0.73 &(0.1;0.9) 0.73 &(0.2;0.1) 0.77 &(0.2;0.3) 0.77 &(0.2;0.5) 0.77 &(0.2;0.7) 0.73 &(0.2;0.9) 0.73 &(0.3;0.1) 0.77 &(0.3;0.3) 0.77 &(0.3;0.5) 0.77 &(0.3;0.7) 0.73 &(0.3;0.9) 0.73 &(0.4;0.1) 0.77 &(0.4;0.3) 0.77 &(0.4;0.5) 0.77 &(0.4;0.7) 0.73 &(0.4;0.9) 0.73 &(0.5;0.1) 0.77 &(0.5;0.3) 0.77 &(0.5;0.5) 0.77 &(0.5;0.7) 0.73 &(0.5;0.9) 0.73 &(0.6;0.1) 0.77 &(0.6;0.3) 0.77 &(0.6;0.5) 0.77 &(0.6;0.7) 0.73 &(0.6;0.9) 0.73\\ 
OliveOil(11) &(0.1;0.1) 0.73 &(0.1;0.3) 0.7 &(0.1;0.5) 0.7 &(0.1;0.7) 0.7 &(0.1;0.9) 0.7 &(0.2;0.1) 0.73 &(0.2;0.3) 0.7 &(0.2;0.5) 0.7 &(0.2;0.7) 0.7 &(0.2;0.9) 0.7 &(0.3;0.1) 0.73 &(0.3;0.3) 0.7 &(0.3;0.5) 0.7 &(0.3;0.7) 0.7 &(0.3;0.9) 0.7 &(0.4;0.1) 0.73 &(0.4;0.3) 0.7 &(0.4;0.5) 0.7 &(0.4;0.7) 0.7 &(0.4;0.9) 0.7 &(0.5;0.1) 0.73 &(0.5;0.3) 0.7 &(0.5;0.5) 0.7 &(0.5;0.7) 0.7 &(0.5;0.9) 0.7 &(0.6;0.1) 0.73 &(0.6;0.3) 0.7 &(0.6;0.5) 0.7 &(0.6;0.7) 0.7 &(0.6;0.9) 0.7\\ 
OliveOil(13) &(0.1;0.1) 0.67 &(0.1;0.3) 0.7 &(0.1;0.5) 0.7 &(0.1;0.7) 0.67 &(0.1;0.9) 0.67 &(0.2;0.1) 0.67 &(0.2;0.3) 0.7 &(0.2;0.5) 0.7 &(0.2;0.7) 0.67 &(0.2;0.9) 0.67 &(0.3;0.1) 0.67 &(0.3;0.3) 0.7 &(0.3;0.5) 0.7 &(0.3;0.7) 0.67 &(0.3;0.9) 0.67 &(0.4;0.1) 0.67 &(0.4;0.3) 0.7 &(0.4;0.5) 0.7 &(0.4;0.7) 0.67 &(0.4;0.9) 0.67 &(0.5;0.1) 0.67 &(0.5;0.3) 0.7 &(0.5;0.5) 0.7 &(0.5;0.7) 0.67 &(0.5;0.9) 0.67 &(0.6;0.1) 0.67 &(0.6;0.3) 0.7 &(0.6;0.5) 0.7 &(0.6;0.7) 0.67 &(0.6;0.9) 0.67\\ 
OliveOil best result: 0.9 
Plane(1) &(0.1;0.1) 0.96 &(0.1;0.3) 0.96 &(0.1;0.5) 0.96 &(0.1;0.7) 0.96 &(0.1;0.9) 0.96 &(0.2;0.1) 1.0 &(0.2;0.3) 0.97 &(0.2;0.5) 0.96 &(0.2;0.7) 0.96 &(0.2;0.9) 0.96 &(0.3;0.1) 1.0 &(0.3;0.3) 0.98 &(0.3;0.5) 0.96 &(0.3;0.7) 0.96 &(0.3;0.9) 0.96 &(0.4;0.1) 1.0 &(0.4;0.3) 0.99 &(0.4;0.5) 0.96 &(0.4;0.7) 0.96 &(0.4;0.9) 0.96 &(0.5;0.1) 1.0 &(0.5;0.3) 0.98 &(0.5;0.5) 0.96 &(0.5;0.7) 0.96 &(0.5;0.9) 0.96 &(0.6;0.1) 1.0 &(0.6;0.3) 0.99 &(0.6;0.5) 0.96 &(0.6;0.7) 0.96 &(0.6;0.9) 0.96\\ 
Plane(3) &(0.1;0.1) 0.97 &(0.1;0.3) 0.96 &(0.1;0.5) 0.96 &(0.1;0.7) 0.96 &(0.1;0.9) 0.96 &(0.2;0.1) 1.0 &(0.2;0.3) 0.97 &(0.2;0.5) 0.96 &(0.2;0.7) 0.96 &(0.2;0.9) 0.96 &(0.3;0.1) 1.0 &(0.3;0.3) 0.98 &(0.3;0.5) 0.96 &(0.3;0.7) 0.96 &(0.3;0.9) 0.96 &(0.4;0.1) 1.0 &(0.4;0.3) 0.98 &(0.4;0.5) 0.97 &(0.4;0.7) 0.96 &(0.4;0.9) 0.96 &(0.5;0.1) 1.0 &(0.5;0.3) 0.98 &(0.5;0.5) 0.97 &(0.5;0.7) 0.96 &(0.5;0.9) 0.96 &(0.6;0.1) 1.0 &(0.6;0.3) 0.98 &(0.6;0.5) 0.97 

BeetleFly(1) &(0.1;0.1) 0.7 &(0.1;0.3) 0.65 &(0.1;0.5) 0.6 &(0.1;0.7) 0.65 &(0.1;0.9) 0.75 &(0.2;0.1) 0.85 &(0.2;0.3) 0.8 &(0.2;0.5) 0.7 &(0.2;0.7) 0.7 &(0.2;0.9) 0.75 &(0.3;0.1) 1.0 &(0.3;0.3) 0.7 &(0.3;0.5) 0.8 &(0.3;0.7) 0.6 &(0.3;0.9) 0.75 &(0.4;0.1) 0.85 &(0.4;0.3) 0.75 &(0.4;0.5) 0.8 &(0.4;0.7) 0.7 &(0.4;0.9) 0.75 &(0.5;0.1) 0.9 &(0.5;0.3) 0.7 &(0.5;0.5) 0.8 &(0.5;0.7) 0.8 &(0.5;0.9) 0.7 &(0.6;0.1) 0.75 &(0.6;0.3) 0.7 &(0.6;0.5) 0.7 &(0.6;0.7) 0.8 &(0.6;0.9) 0.7\\ 
BeetleFly(3) &(0.1;0.1) 0.9 &(0.1;0.3) 0.65 &(0.1;0.5) 0.7 &(0.1;0.7) 0.55 &(0.1;0.9) 0.55 &(0.2;0.1) 0.9 &(0.2;0.3) 0.65 &(0.2;0.5) 0.75 &(0.2;0.7) 0.75 &(0.2;0.9) 0.6 &(0.3;0.1) 0.9 &(0.3;0.3) 0.8 &(0.3;0.5) 0.8 &(0.3;0.7) 0.7 &(0.3;0.9) 0.6 &(0.4;0.1) 0.85 &(0.4;0.3) 0.7 &(0.4;0.5) 0.7 &(0.4;0.7) 0.75 &(0.4;0.9) 0.65 &(0.5;0.1) 0.85 &(0.5;0.3) 0.7 &(0.5;0.5) 0.6 &(0.5;0.7) 0.7 &(0.5;0.9) 0.7 &(0.6;0.1) 0.8 &(0.6;0.3) 0.75 &(0.6;0.5) 0.65 &(0.6;0.7) 0.75 &(0.6;0.9) 0.7\\ 
BeetleFly(5) &(0.1;0.1) 0.8 &(0.1;0.3) 0.65 &(0.1;0.5) 0.6 &(0.1;0.7) 0.55 &(0.1;0.9) 0.7 &(0.2;0.1) 0.85 &(0.2;0.3) 0.75 &(0.2;0.5) 0.65 &(0.2;0.7) 0.6 &(0.2;0.9) 0.75 &(0.3;0.1) 0.7 &(0.3;0.3) 0.75 &(0.3;0.5) 0.7 &(0.3;0.7) 0.7 &(0.3;0.9) 0.75 &(0.4;0.1) 0.85 &(0.4;0.3) 0.75 &(0.4;0.5) 0.65 &(0.4;0.7) 0.65 &(0.4;0.9) 0.7 &(0.5;0.1) 0.85 &(0.5;0.3) 0.75 &(0.5;0.5) 0.6 &(0.5;0.7) 0.7 &(0.5;0.9) 0.7 &(0.6;0.1) 0.8 &(0.6;0.3) 0.75 &(0.6;0.5) 0.6 &(0.6;0.7) 0.65 &(0.6;0.9) 0.65\\ 
BeetleFly(7) &(0.1;0.1) 0.55 &(0.1;0.3) 0.7 &(0.1;0.5) 0.45 &(0.1;0.7) 0.7 &(0.1;0.9) 0.8 &(0.2;0.1) 0.75 &(0.2;0.3) 0.7 &(0.2;0.5) 0.65 &(0.2;0.7) 0.6 &(0.2;0.9) 0.8 &(0.3;0.1) 0.8 &(0.3;0.3) 0.75 &(0.3;0.5) 0.65 &(0.3;0.7) 0.6 &(0.3;0.9) 0.8 &(0.4;0.1) 0.8 &(0.4;0.3) 0.8 &(0.4;0.5) 0.75 &(0.4;0.7) 0.75 &(0.4;0.9) 0.75 &(0.5;0.1) 0.8 &(0.5;0.3) 0.75 &(0.5;0.5) 0.75 &(0.5;0.7) 0.6 &(0.5;0.9) 0.65 &(0.6;0.1) 0.85 &(0.6;0.3) 0.85 &(0.6;0.5) 0.65 &(0.6;0.7) 0.7 &(0.6;0.9) 0.6\\ 
BeetleFly(9) &(0.1;0.1) 0.65 &(0.1;0.3) 0.65 &(0.1;0.5) 0.6 &(0.1;0.7) 0.6 &(0.1;0.9) 0.75 &(0.2;0.1) 0.7 &(0.2;0.3) 0.75 &(0.2;0.5) 0.6 &(0.2;0.7) 0.65 &(0.2;0.9) 0.8 &(0.3;0.1) 0.8 &(0.3;0.3) 0.75 &(0.3;0.5) 0.7 &(0.3;0.7) 0.75 &(0.3;0.9) 0.7 &(0.4;0.1) 0.8 &(0.4;0.3) 0.75 &(0.4;0.5) 0.65 &(0.4;0.7) 0.75 &(0.4;0.9) 0.55 &(0.5;0.1) 0.8 &(0.5;0.3) 0.75 &(0.5;0.5) 0.65 &(0.5;0.7) 0.7 &(0.5;0.9) 0.55 &(0.6;0.1) 0.8 &(0.6;0.3) 0.65 &(0.6;0.5) 0.65 &(0.6;0.7) 0.7 &(0.6;0.9) 0.65\\ 
BeetleFly(11) &(0.1;0.1) 0.6 &(0.1;0.3) 0.55 &(0.1;0.5) 0.6 &(0.1;0.7) 0.6 &(0.1;0.9) 0.75 &(0.2;0.1) 0.7 &(0.2;0.3) 0.75 &(0.2;0.5) 0.6 &(0.2;0.7) 0.65 &(0.2;0.9) 0.65 &(0.3;0.1) 0.8 &(0.3;0.3) 0.8 &(0.3;0.5) 0.8 &(0.3;0.7) 0.55 &(0.3;0.9) 0.65 &(0.4;0.1) 0.8 &(0.4;0.3) 0.75 &(0.4;0.5) 0.6 &(0.4;0.7) 0.65 &(0.4;0.9) 0.55 &(0.5;0.1) 0.7 &(0.5;0.3) 0.7 &(0.5;0.5) 0.6 &(0.5;0.7) 0.7 &(0.5;0.9) 0.6 &(0.6;0.1) 0.7 &(0.6;0.3) 0.6 &(0.6;0.5) 0.55 &(0.6;0.7) 0.7 &(0.6;0.9) 0.5\\ 
BeetleFly(13) &(0.1;0.1) 0.6 &(0.1;0.3) 0.55 &(0.1;0.5) 0.7 &(0.1;0.7) 0.55 &(0.1;0.9) 0.8 &(0.2;0.1) 0.85 &(0.2;0.3) 0.7 &(0.2;0.5) 0.7 &(0.2;0.7) 0.75 &(0.2;0.9) 0.8 &(0.3;0.1) 0.75 &(0.3;0.3) 0.75 &(0.3;0.5) 0.7 &(0.3;0.7) 0.65 &(0.3;0.9) 0.65 &(0.4;0.1) 0.75 &(0.4;0.3) 0.65 &(0.4;0.5) 0.65 &(0.4;0.7) 0.65 &(0.4;0.9) 0.65 &(0.5;0.1) 0.75 &(0.5;0.3) 0.6 &(0.5;0.5) 0.6 &(0.5;0.7) 0.65 &(0.5;0.9) 0.65 &(0.6;0.1) 0.7 &(0.6;0.3) 0.5 &(0.6;0.5) 0.5 &(0.6;0.7) 0.65 &(0.6;0.9) 0.65\\ 
BeetleFly best result: 1.0 
BirdChicken(1) &(0.1;0.1) 0.55 &(0.1;0.3) 0.65 &(0.1;0.5) 0.65 &(0.1;0.7) 0.6 &(0.1;0.9) 0.6 &(0.2;0.1) 0.75 &(0.2;0.3) 0.8 &(0.2;0.5) 0.65 &(0.2;0.7) 0.6 &(0.2;0.9) 0.6 &(0.3;0.1) 0.85 &(0.3;0.3) 0.85 &(0.3;0.5) 0.7 &(0.3;0.7) 0.6 &(0.3;0.9) 0.6 &(0.4;0.1) 0.8 &(0.4;0.3) 0.85 &(0.4;0.5) 0.75 &(0.4;0.7) 0.6 &(0.4;0.9) 0.6 &(0.5;0.1) 0.9 &(0.5;0.3) 0.9 &(0.5;0.5) 0.8 &(0.5;0.7) 0.65 &(0.5;0.9) 0.6 &(0.6;0.1) 0.9 &(0.6;0.3) 0.9 &(0.6;0.5) 0.75 &(0.6;0.7) 0.8 &(0.6;0.9) 0.6\\ 
BirdChicken(3) &(0.1;0.1) 0.45 &(0.1;0.3) 0.45 &(0.1;0.5) 0.45 &(0.1;0.7) 0.45 &(0.1;0.9) 0.5 &(0.2;0.1) 0.75 &(0.2;0.3) 0.65 &(0.2;0.5) 0.5 &(0.2;0.7) 0.45 &(0.2;0.9) 0.5 &(0.3;0.1) 0.65 &(0.3;0.3) 0.55 &(0.3;0.5) 0.55 &(0.3;0.7) 0.45 &(0.3;0.9) 0.5 &(0.4;0.1) 0.75 &(0.4;0.3) 0.8 &(0.4;0.5) 0.55 &(0.4;0.7) 0.45 &(0.4;0.9) 0.55 &(0.5;0.1) 0.75 &(0.5;0.3) 0.8 &(0.5;0.5) 0.6 &(0.5;0.7) 0.5 &(0.5;0.9) 0.55 &(0.6;0.1) 0.75 &(0.6;0.3) 0.85 &(0.6;0.5) 0.7 &(0.6;0.7) 0.65 &(0.6;0.9) 0.55\\ 
BirdChicken(5) &(0.1;0.1) 0.55 &(0.1;0.3) 0.6 &(0.1;0.5) 0.55 &(0.1;0.7) 0.5 &(0.1;0.9) 0.55 &(0.2;0.1) 0.9 &(0.2;0.3) 0.65 &(0.2;0.5) 0.6 &(0.2;0.7) 0.5 &(0.2;0.9) 0.55 &(0.3;0.1) 0.7 &(0.3;0.3) 0.75 &(0.3;0.5) 0.65 &(0.3;0.7) 0.5 &(0.3;0.9) 0.55 &(0.4;0.1) 0.7 &(0.4;0.3) 0.85 &(0.4;0.5) 0.7 &(0.4;0.7) 0.55 &(0.4;0.9) 0.55 &(0.5;0.1) 0.8 &(0.5;0.3) 0.85 &(0.5;0.5) 0.75 &(0.5;0.7) 0.55 &(0.5;0.9) 0.55 &(0.6;0.1) 0.8 &(0.6;0.3) 0.95 &(0.6;0.5) 0.8 &(0.6;0.7) 0.55 &(0.6;0.9) 0.55\\ 
BirdChicken(7) &(0.1;0.1) 0.55 &(0.1;0.3) 0.55 &(0.1;0.5) 0.6 &(0.1;0.7) 0.45 &(0.1;0.9) 0.6 &(0.2;0.1) 0.75 &(0.2;0.3) 0.5 &(0.2;0.5) 0.6 &(0.2;0.7) 0.45 &(0.2;0.9) 0.6 &(0.3;0.1) 0.75 &(0.3;0.3) 0.65 &(0.3;0.5) 0.65 &(0.3;0.7) 0.5 &(0.3;0.9) 0.6 &(0.4;0.1) 0.85 &(0.4;0.3) 0.8 &(0.4;0.5) 0.6 &(0.4;0.7) 0.5 &(0.4;0.9) 0.6 &(0.5;0.1) 0.8 &(0.5;0.3) 0.8 &(0.5;0.5) 0.75 &(0.5;0.7) 0.45 &(0.5;0.9) 0.6 &(0.6;0.1) 0.8 &(0.6;0.3) 0.8 &(0.6;0.5) 0.7 &(0.6;0.7) 0.65 &(0.6;0.9) 0.6\\ 
BirdChicken(9) &(0.1;0.1) 0.5 &(0.1;0.3) 0.55 &(0.1;0.5) 0.55 &(0.1;0.7) 0.55 &(0.1;0.9) 0.6 &(0.2;0.1) 0.6 &(0.2;0.3) 0.5 &(0.2;0.5) 0.6 &(0.2;0.7) 0.55 &(0.2;0.9) 0.6 &(0.3;0.1) 0.75 &(0.3;0.3) 0.6 &(0.3;0.5) 0.7 &(0.3;0.7) 0.55 &(0.3;0.9) 0.6 &(0.4;0.1) 0.75 &(0.4;0.3) 0.65 &(0.4;0.5) 0.55 &(0.4;0.7) 0.6 &(0.4;0.9) 0.6 &(0.5;0.1) 0.8 &(0.5;0.3) 0.8 &(0.5;0.5) 0.7 &(0.5;0.7) 0.45 &(0.5;0.9) 0.6 &(0.6;0.1) 0.75 &(0.6;0.3) 0.8 &(0.6;0.5) 0.7 &(0.6;0.7) 0.6 &(0.6;0.9) 0.55\\ 
BirdChicken(11) &(0.1;0.1) 0.5 &(0.1;0.3) 0.7 &(0.1;0.5) 0.65 &(0.1;0.7) 0.65 &(0.1;0.9) 0.65 &(0.2;0.1) 0.45 &(0.2;0.3) 0.6 &(0.2;0.5) 0.6 &(0.2;0.7) 0.65 &(0.2;0.9) 0.65 &(0.3;0.1) 0.65 &(0.3;0.3) 0.5 &(0.3;0.5) 0.6 &(0.3;0.7) 0.65 &(0.3;0.9) 0.65 &(0.4;0.1) 0.8 &(0.4;0.3) 0.55 &(0.4;0.5) 0.6 &(0.4;0.7) 0.65 &(0.4;0.9) 0.65 &(0.5;0.1) 0.75 &(0.5;0.3) 0.6 &(0.5;0.5) 0.65 &(0.5;0.7) 0.4 &(0.5;0.9) 0.65 &(0.6;0.1) 0.75 &(0.6;0.3) 0.8 &(0.6;0.5) 0.7 &(0.6;0.7) 0.45 &(0.6;0.9) 0.65\\ 
BirdChicken(13) &(0.1;0.1) 0.45 &(0.1;0.3) 0.6 &(0.1;0.5) 0.6 &(0.1;0.7) 0.6 &(0.1;0.9) 0.6 &(0.2;0.1) 0.45 &(0.2;0.3) 0.55 &(0.2;0.5) 0.55 &(0.2;0.7) 0.6 &(0.2;0.9) 0.6 &(0.3;0.1) 0.75 &(0.3;0.3) 0.45 &(0.3;0.5) 0.55 &(0.3;0.7) 0.6 &(0.3;0.9) 0.6 &(0.4;0.1) 0.65 &(0.4;0.3) 0.6 &(0.4;0.5) 0.6 &(0.4;0.7) 0.6 &(0.4;0.9) 0.6 &(0.5;0.1) 0.75 &(0.5;0.3) 0.65 &(0.5;0.5) 0.7 &(0.5;0.7) 0.55 &(0.5;0.9) 0.6 &(0.6;0.1) 0.65 &(0.6;0.3) 0.85 &(0.6;0.5) 0.6 &(0.6;0.7) 0.5 &(0.6;0.9) 0.6\\ 
BirdChicken best result: 0.95 
